              -4421.2564651947
         -0.000157105      -0.000033869      -0.000002574
         -0.000033869      -0.000141415      -0.000012431
         -0.000002574      -0.000012431      -0.000174215
         384
  1     8      -0.050667952      -0.046473347      -0.085224386  O.vdw.1
  2     1       0.052979322       0.058784349       0.101186501  H.vdw.2
  2     1       0.005474848      -0.009431290      -0.007321499  H.vdw.2
  1     8       0.059803873       0.013871078      -0.031054200  O.vdw.1
  2     1      -0.052804247      -0.073251624       0.030780184  H.vdw.2
  2     1      -0.008120585       0.072725256       0.008408314  H.vdw.2
  1     8       0.059944508       0.000057910      -0.033293334  O.vdw.1
  2     1      -0.024433645      -0.011953306      -0.013669178  H.vdw.2
  2     1      -0.039097953       0.001310780       0.029180334  H.vdw.2
  1     8       0.051365673       0.036891383       0.033299548  O.vdw.1
  2     1      -0.063304827      -0.042035401      -0.038682657  H.vdw.2
  2     1       0.024140822       0.000244473      -0.007909219  H.vdw.2
  1     8       0.015263137      -0.025474698      -0.018156137  O.vdw.1
  2     1      -0.006511349       0.015477356      -0.008548983  H.vdw.2
  2     1      -0.017355187       0.002655904       0.011929152  H.vdw.2
  1     8      -0.001357963      -0.004865902       0.030226668  O.vdw.1
  2     1      -0.000457886      -0.005429949      -0.035589349  H.vdw.2
  2     1       0.005852240       0.000094403       0.004796838  H.vdw.2
  1     8       0.029599918       0.021391641      -0.021595444  O.vdw.1
  2     1      -0.005721379      -0.008383333       0.003762866  H.vdw.2
  2     1      -0.028859830      -0.004316760       0.012405086  H.vdw.2
  1     8       0.036657753      -0.011614119       0.011478968  O.vdw.1
  2     1      -0.009993262       0.013617486      -0.012436257  H.vdw.2
  2     1      -0.022660645      -0.003003544       0.011769900  H.vdw.2
  1     8      -0.035294206       0.036143366      -0.035250549  O.vdw.1
  2     1       0.051443635      -0.034264224      -0.006496865  H.vdw.2
  2     1      -0.011390112      -0.009923706       0.032821343  H.vdw.2
  1     8      -0.053113185      -0.011408771      -0.089865575  O.vdw.1
  2     1       0.011640179       0.040829423       0.094330875  H.vdw.2
  2     1       0.045445974      -0.040407989      -0.003599746  H.vdw.2
  1     8      -0.003163123       0.084145345       0.008206682  O.vdw.1
  2     1      -0.003827118      -0.100945124      -0.019348792  H.vdw.2
  2     1       0.008368873       0.025979908       0.007727723  H.vdw.2
  1     8       0.034284348       0.023936046      -0.028009659  O.vdw.1
  2     1      -0.002731134      -0.027982023       0.014507053  H.vdw.2
  2     1      -0.030986234       0.013108548       0.019001412  H.vdw.2
  1     8      -0.040939183      -0.102204303      -0.014702864  O.vdw.1
  2     1       0.018707336       0.127759890       0.006381514  H.vdw.2
  2     1       0.031683552      -0.029173257       0.014208711  H.vdw.2
  1     8       0.042301473       0.028880136      -0.078194937  O.vdw.1
  2     1       0.001041202      -0.007120227      -0.024919129  H.vdw.2
  2     1      -0.041342727      -0.021978855       0.108766945  H.vdw.2
  1     8       0.033713285      -0.035069419       0.022897806  O.vdw.1
  2     1      -0.008214700       0.014421253      -0.021751858  H.vdw.2
  2     1      -0.026815964       0.019086433       0.004677867  H.vdw.2
  1     8       0.062987960       0.005906708       0.010752718  O.vdw.1
  2     1      -0.057304229       0.001200496       0.014134426  H.vdw.2
  2     1       0.010607491      -0.001513040      -0.019602137  H.vdw.2
  1     8       0.038947622      -0.020697159      -0.030866294  O.vdw.1
  2     1      -0.029534431      -0.019050414       0.011106609  H.vdw.2
  2     1      -0.018255224       0.038062850       0.010583676  H.vdw.2
  1     8      -0.082102051       0.111380237      -0.008382480  O.vdw.1
  2     1      -0.022485072      -0.002700694      -0.015769165  H.vdw.2
  2     1       0.092402039      -0.114538364       0.033494684  H.vdw.2
  1     8       0.073124495       0.024724338      -0.000138314  O.vdw.1
  2     1      -0.078234552      -0.033259423       0.016217470  H.vdw.2
  2     1       0.015993377       0.001842443      -0.009098364  H.vdw.2
  1     8       0.044936911       0.003644416       0.016409409  O.vdw.1
  2     1      -0.064266368      -0.003767785      -0.009843909  H.vdw.2
  2     1       0.016856459      -0.002980549      -0.001290329  H.vdw.2
  1     8       0.005121402      -0.003897461      -0.004620376  O.vdw.1
  2     1      -0.006925787      -0.008522398       0.017133886  H.vdw.2
  2     1      -0.012054281       0.004431007       0.001152419  H.vdw.2
  1     8       0.008028706      -0.032594023      -0.008633187  O.vdw.1
  2     1       0.008650556       0.035491979      -0.008600543  H.vdw.2
  2     1      -0.018450222       0.000863490       0.010219994  H.vdw.2
  1     8       0.008783034       0.001242275       0.027372690  O.vdw.1
  2     1      -0.005452464       0.009220575      -0.013076567  H.vdw.2
  2     1       0.008348995       0.004117147      -0.019612654  H.vdw.2
  1     8       0.114716630       0.066948299       0.009086941  O.vdw.1
  2     1      -0.017376186      -0.096942487      -0.020647143  H.vdw.2
  2     1      -0.090655388       0.040868827       0.023896857  H.vdw.2
  1     8       0.004100878      -0.015486104      -0.052390370  O.vdw.1
  2     1      -0.014165257       0.014603568       0.035365180  H.vdw.2
  2     1       0.005531472      -0.011510071       0.010157934  H.vdw.2
  1     8      -0.013014989      -0.101459533      -0.074351978  O.vdw.1
  2     1       0.017203356       0.001970741       0.033820529  H.vdw.2
  2     1      -0.011663008       0.095508170       0.026523209  H.vdw.2
  1     8      -0.015477390      -0.006928460      -0.006980903  O.vdw.1
  2     1       0.006066198       0.001220846      -0.015931695  H.vdw.2
  2     1       0.013759825       0.018819846       0.008580849  H.vdw.2
  1     8       0.010701143       0.059953603       0.037795592  O.vdw.1
  2     1       0.003706982      -0.009331819      -0.008742753  H.vdw.2
  2     1      -0.006027227      -0.059415730      -0.029163616  H.vdw.2
  1     8       0.008048582       0.084415621       0.002561333  O.vdw.1
  2     1       0.019601835      -0.025861434      -0.003196168  H.vdw.2
  2     1      -0.016179437      -0.041177062       0.014566193  H.vdw.2
  1     8      -0.076128191       0.038424180       0.041038761  O.vdw.1
  2     1       0.047778282      -0.036501213      -0.013679649  H.vdw.2
  2     1       0.011813704      -0.006186584       0.004092345  H.vdw.2
  1     8      -0.009232877       0.017762312       0.014620092  O.vdw.1
  2     1      -0.018716640      -0.009276986       0.000499831  H.vdw.2
  2     1       0.003983581      -0.018709680      -0.008075668  H.vdw.2
  1     8      -0.006480212       0.019769076      -0.021180248  O.vdw.1
  2     1       0.020852864       0.015588339       0.039758844  H.vdw.2
  2     1      -0.022076468      -0.046238933      -0.013168380  H.vdw.2
  1     8       0.034415999      -0.035071728       0.001273955  O.vdw.1
  2     1      -0.019981212       0.051700974      -0.002433027  H.vdw.2
  2     1      -0.000176645      -0.016139325      -0.008757926  H.vdw.2
  1     8       0.038328216       0.034161678      -0.034742444  O.vdw.1
  2     1      -0.030966688      -0.037183430       0.017387641  H.vdw.2
  2     1       0.000938304       0.010681867       0.013683715  H.vdw.2
  1     8       0.096553998       0.026422008       0.040862857  O.vdw.1
  2     1      -0.007175696      -0.018718947      -0.005838190  H.vdw.2
  2     1      -0.095582324      -0.002310981      -0.037695839  H.vdw.2
  1     8      -0.052213618      -0.083673930      -0.055354543  O.vdw.1
  2     1       0.054809757       0.057062357       0.059206946  H.vdw.2
  2     1      -0.016692036       0.020825649       0.009665081  H.vdw.2
  1     8       0.049740468      -0.040521234       0.009720194  O.vdw.1
  2     1      -0.014776904      -0.007028341      -0.002234367  H.vdw.2
  2     1      -0.032628122       0.036871755      -0.018491802  H.vdw.2
  1     8      -0.000152483      -0.004076850       0.000980965  O.vdw.1
  2     1       0.011073351      -0.008289001      -0.015693852  H.vdw.2
  2     1      -0.011778946       0.000464387       0.020249708  H.vdw.2
  1     8       0.012721341       0.026526301      -0.014227240  O.vdw.1
  2     1       0.010197030      -0.027236465       0.008719453  H.vdw.2
  2     1      -0.015386624      -0.000397372      -0.013377269  H.vdw.2
  1     8       0.069228038       0.029268230      -0.004512569  O.vdw.1
  2     1      -0.073528686      -0.019697908       0.023543022  H.vdw.2
  2     1      -0.012795132       0.000515723       0.003825472  H.vdw.2
  1     8       0.029725276      -0.002437980       0.048654411  O.vdw.1
  2     1      -0.028118374       0.014151399       0.030926249  H.vdw.2
  2     1       0.000336771      -0.001864069      -0.079015422  H.vdw.2
  1     8      -0.043790393      -0.010988983      -0.055991695  O.vdw.1
  2     1       0.051586159       0.042203671       0.024240511  H.vdw.2
  2     1      -0.017685885      -0.053515035       0.017288117  H.vdw.2
  1     8      -0.074109599       0.020474890      -0.056899567  O.vdw.1
  2     1       0.063949769      -0.017684586       0.038704247  H.vdw.2
  2     1       0.001681956       0.004021499       0.017574549  H.vdw.2
  1     8      -0.019582038      -0.055168570      -0.018419243  O.vdw.1
  2     1       0.035676531       0.009473298      -0.046164897  H.vdw.2
  2     1      -0.033600075       0.047222338       0.063901486  H.vdw.2
  1     8       0.070396723       0.022056961       0.021268481  O.vdw.1
  2     1      -0.049084671      -0.023049407      -0.014629495  H.vdw.2
  2     1      -0.014332541       0.002937980      -0.009633152  H.vdw.2
  1     8      -0.019936258      -0.081063017       0.000097707  O.vdw.1
  2     1       0.027287722       0.017475692       0.023694759  H.vdw.2
  2     1      -0.012823099       0.054696944      -0.019896559  H.vdw.2
  1     8       0.041270028      -0.048268900       0.012880864  O.vdw.1
  2     1      -0.036107382      -0.013857978       0.000231868  H.vdw.2
  2     1      -0.006396496       0.069206825      -0.008086812  H.vdw.2
  1     8       0.029372694      -0.019626182       0.032800718  O.vdw.1
  2     1      -0.024656275      -0.002353974      -0.029372597  H.vdw.2
  2     1      -0.022728644       0.018533852       0.006740449  H.vdw.2
  1     8       0.040970311       0.034409345       0.051644942  O.vdw.1
  2     1       0.005250920       0.000156766      -0.013519226  H.vdw.2
  2     1      -0.033054219      -0.036992371      -0.048292600  H.vdw.2
  1     8      -0.030759172       0.051855274       0.036457691  O.vdw.1
  2     1      -0.020978114      -0.029227879       0.018620268  H.vdw.2
  2     1       0.043621396      -0.021425532      -0.054768629  H.vdw.2
  1     8       0.018457341       0.042844769      -0.023442883  O.vdw.1
  2     1       0.006211636       0.002203446       0.014542162  H.vdw.2
  2     1      -0.029023556      -0.024478133      -0.022387191  H.vdw.2
  1     8       0.023306855       0.064691847       0.050317256  O.vdw.1
  2     1      -0.020081437      -0.009794051      -0.032998742  H.vdw.2
  2     1      -0.005252352      -0.056948301      -0.023322491  H.vdw.2
  1     8      -0.018520444       0.045002893      -0.002349616  O.vdw.1
  2     1      -0.015008976      -0.024257411       0.013990560  H.vdw.2
  2     1       0.033082933      -0.034150912       0.000790067  H.vdw.2
  1     8      -0.027313553      -0.130169087      -0.068598998  O.vdw.1
  2     1      -0.070048231       0.032756411      -0.049606933  H.vdw.2
  2     1       0.097199031       0.091549383       0.120038897  H.vdw.2
  1     8      -0.082760704      -0.052014290      -0.043067530  O.vdw.1
  2     1       0.075073002       0.007208103       0.007881154  H.vdw.2
  2     1       0.004738236       0.052203269       0.030737145  H.vdw.2
  1     8      -0.031486726       0.006151713      -0.046745449  O.vdw.1
  2     1       0.007269084      -0.015171266       0.013251572  H.vdw.2
  2     1       0.029134362      -0.002481872       0.021091365  H.vdw.2
  1     8       0.012621158       0.010915254       0.006276942  O.vdw.1
  2     1       0.002333959      -0.008784796      -0.004984104  H.vdw.2
  2     1       0.008454196      -0.004506732      -0.004673616  H.vdw.2
  1     8       0.029582341       0.033753362       0.016732010  O.vdw.1
  2     1       0.003018991      -0.013711350       0.007600694  H.vdw.2
  2     1      -0.021050171      -0.019530682      -0.014576209  H.vdw.2
  1     8       0.006390704       0.010734176       0.083355064  O.vdw.1
  2     1      -0.007403392       0.000199005      -0.068641362  H.vdw.2
  2     1      -0.013332398      -0.000575114       0.011193245  H.vdw.2
  1     8      -0.006479501       0.003944824       0.000954887  O.vdw.1
  2     1      -0.019406675      -0.020193619       0.001512724  H.vdw.2
  2     1       0.007456462       0.012027234       0.003911905  H.vdw.2
  1     8      -0.054967960      -0.018455456       0.009817536  O.vdw.1
  2     1       0.024314777      -0.007451813       0.016002274  H.vdw.2
  2     1       0.033461888       0.041030043      -0.039987658  H.vdw.2
  1     8      -0.061146822       0.034215559      -0.025677095  O.vdw.1
  2     1       0.026617043      -0.005080266      -0.018385350  H.vdw.2
  2     1       0.027679692      -0.022593337       0.030421287  H.vdw.2
  1     8      -0.021205744       0.026941309      -0.014193287  O.vdw.1
  2     1       0.008593143      -0.015025816       0.000753888  H.vdw.2
  2     1       0.023675084      -0.004452958      -0.018128867  H.vdw.2
  1     8       0.000794245      -0.013795029       0.008486799  O.vdw.1
  2     1      -0.013527261       0.022495294      -0.042405516  H.vdw.2
  2     1       0.003801522       0.001363629       0.019313370  H.vdw.2
  1     8      -0.008615663       0.005792975       0.009964772  O.vdw.1
  2     1      -0.000725367       0.007663515      -0.026774478  H.vdw.2
  2     1       0.005727594      -0.009100762       0.012758393  H.vdw.2
  1     8       0.004405615      -0.032363698      -0.048005043  O.vdw.1
  2     1       0.031540331      -0.003468109       0.007115095  H.vdw.2
  2     1      -0.031323617       0.055761411       0.059431218  H.vdw.2
  1     8      -0.030251489      -0.060769351      -0.000166697  O.vdw.1
  2     1      -0.013607651       0.024152502      -0.005689806  H.vdw.2
  2     1       0.045541398       0.030627920       0.015385611  H.vdw.2
  1     8      -0.043475211      -0.045685642       0.072919445  O.vdw.1
  2     1      -0.013655952       0.039492076       0.034145762  H.vdw.2
  2     1       0.054550319      -0.001873812      -0.099050980  H.vdw.2
  1     8       0.005110606      -0.002739298      -0.011593664  O.vdw.1
  2     1       0.009874157       0.021116721      -0.005148121  H.vdw.2
  2     1      -0.005826962      -0.007599422       0.015030992  H.vdw.2
  1     8       0.023854252      -0.044043976       0.009449761  O.vdw.1
  2     1      -0.006709924       0.007190324      -0.017691561  H.vdw.2
  2     1      -0.014653270       0.054078254       0.018570747  H.vdw.2
  1     8       0.027048622      -0.057001118       0.002708525  O.vdw.1
  2     1      -0.021194239       0.009537117      -0.037878797  H.vdw.2
  2     1      -0.004242524       0.073531381       0.010960950  H.vdw.2
  1     8       0.029631362       0.001867300      -0.033334851  O.vdw.1
  2     1      -0.003090217       0.041484548       0.020825065  H.vdw.2
  2     1      -0.018878571      -0.045137187       0.005956580  H.vdw.2
  1     8      -0.014462328       0.053715170      -0.022708758  O.vdw.1
  2     1       0.035231081      -0.031524580       0.020258717  H.vdw.2
  2     1      -0.017599114      -0.017781653      -0.000330019  H.vdw.2
  1     8      -0.022284307       0.005815436      -0.075268984  O.vdw.1
  2     1       0.016991646       0.002262347       0.069087489  H.vdw.2
  2     1       0.007891084      -0.004550765       0.000765606  H.vdw.2
  1     8      -0.003269832       0.007268374       0.003265120  O.vdw.1
  2     1      -0.019229799       0.003022091       0.000398725  H.vdw.2
  2     1       0.008200784      -0.010711844      -0.007048788  H.vdw.2
  1     8       0.053159525      -0.022446579      -0.063587128  O.vdw.1
  2     1      -0.048884680       0.005327075       0.059475217  H.vdw.2
  2     1       0.003016114       0.008286048      -0.012120750  H.vdw.2
  1     8      -0.048900534      -0.031730794      -0.025752378  O.vdw.1
  2     1       0.050876347       0.037319465       0.065285961  H.vdw.2
  2     1      -0.021077737      -0.003238904      -0.031781375  H.vdw.2
  1     8      -0.025397229      -0.028046637       0.016949001  O.vdw.1
  2     1       0.029319319       0.024700939      -0.006061138  H.vdw.2
  2     1      -0.008517901       0.007209007       0.002038486  H.vdw.2
  1     8      -0.107482471      -0.066736234       0.021689601  O.vdw.1
  2     1       0.038054723       0.020223840       0.029950480  H.vdw.2
  2     1       0.066678252       0.037213108      -0.047375755  H.vdw.2
  1     8       0.007165829      -0.003044091      -0.004684199  O.vdw.1
  2     1       0.011014148      -0.005023442       0.003858050  H.vdw.2
  2     1      -0.009560439       0.011486201       0.007433227  H.vdw.2
  1     8       0.007952066      -0.001115100      -0.008578006  O.vdw.1
  2     1      -0.013498784       0.007832652      -0.006256291  H.vdw.2
  2     1      -0.005897419      -0.019030131      -0.000760568  H.vdw.2
  1     8      -0.081258975       0.084268473      -0.000030752  O.vdw.1
  2     1      -0.017643876      -0.048389553       0.011958957  H.vdw.2
  2     1       0.093797475      -0.036059630      -0.009359002  H.vdw.2
  1     8      -0.034149775      -0.042159924       0.022625557  O.vdw.1
  2     1       0.046799135       0.036014172      -0.039824494  H.vdw.2
  2     1      -0.016589397       0.019932812       0.011038141  H.vdw.2
  1     8       0.009003964      -0.012096309      -0.006270034  O.vdw.1
  2     1       0.001139108      -0.022536405       0.009613114  H.vdw.2
  2     1      -0.010347719       0.005231625       0.002951607  H.vdw.2
  1     8       0.015840785      -0.029549143      -0.002672609  O.vdw.1
  2     1      -0.029784319       0.013386015       0.003776504  H.vdw.2
  2     1       0.011749589       0.023160907      -0.002935085  H.vdw.2
  1     8       0.079282665       0.032449071      -0.003541772  O.vdw.1
  2     1      -0.047959601      -0.045969191      -0.020767138  H.vdw.2
  2     1      -0.024697498       0.015160925       0.009706253  H.vdw.2
  1     8       0.073581077       0.027889594      -0.021640213  O.vdw.1
  2     1      -0.053017957      -0.033645879       0.039441056  H.vdw.2
  2     1       0.010534523       0.011554414      -0.004129852  H.vdw.2
  1     8       0.042335582       0.084565839       0.045501373  O.vdw.1
  2     1      -0.023465713      -0.114281658      -0.037499831  H.vdw.2
  2     1      -0.000316543       0.010827551      -0.001400298  H.vdw.2
  1     8      -0.009627029       0.029358077       0.037803542  O.vdw.1
  2     1       0.032783485      -0.026678293      -0.069532533  H.vdw.2
  2     1       0.013257052      -0.001760839       0.008570033  H.vdw.2
  1     8       0.008585941      -0.066879438       0.006890142  O.vdw.1
  2     1      -0.001975972       0.016782375      -0.002634262  H.vdw.2
  2     1       0.000542891       0.053467673      -0.014374677  H.vdw.2
  1     8      -0.063176910       0.036756696       0.009041447  O.vdw.1
  2     1       0.012868266      -0.046671942      -0.033460771  H.vdw.2
  2     1       0.039011637       0.021312860       0.018539354  H.vdw.2
  1     8      -0.020206063      -0.008890914      -0.003778312  O.vdw.1
  2     1      -0.011461961       0.002448013      -0.000565108  H.vdw.2
  2     1       0.020714415       0.000790803       0.006189902  H.vdw.2
  1     8      -0.023110038      -0.009582323       0.009048637  O.vdw.1
  2     1       0.017431893       0.000768053      -0.010799239  H.vdw.2
  2     1       0.002467615       0.001659826      -0.009074330  H.vdw.2
  1     8       0.037348147       0.015541873       0.014177970  O.vdw.1
  2     1      -0.030449508       0.007482999      -0.020820332  H.vdw.2
  2     1      -0.003459186      -0.021502586       0.006613142  H.vdw.2
  1     8      -0.011998514      -0.009707332       0.014291841  O.vdw.1
  2     1       0.015510309      -0.011433328       0.009415739  H.vdw.2
  2     1      -0.014897857       0.006506055      -0.007359086  H.vdw.2
  1     8      -0.003829315      -0.038253609       0.066914646  O.vdw.1
  2     1       0.072197212       0.057787819      -0.003507758  H.vdw.2
  2     1      -0.071201054      -0.027690342      -0.050634191  H.vdw.2
  1     8       0.064372860      -0.005209653       0.097477649  O.vdw.1
  2     1      -0.052123146       0.001935297      -0.089557483  H.vdw.2
  2     1      -0.016329666      -0.003670596       0.005435608  H.vdw.2
  1     8      -0.021031888      -0.098405782       0.071034758  O.vdw.1
  2     1      -0.010790344       0.077225638      -0.103234163  H.vdw.2
  2     1       0.027765900       0.010303856       0.037168527  H.vdw.2
  1     8      -0.072378791      -0.044765628       0.025805393  O.vdw.1
  2     1       0.025208913      -0.003727482      -0.019876094  H.vdw.2
  2     1       0.057525398       0.053785136       0.004147987  H.vdw.2
  1     8       0.044549851       0.037306906       0.050546062  O.vdw.1
  2     1       0.013512846      -0.016880140      -0.005353345  H.vdw.2
  2     1      -0.034571293      -0.014432657      -0.042209297  H.vdw.2
  1     8      -0.076604952      -0.106149672      -0.001519538  O.vdw.1
  2     1      -0.033293746       0.039046964      -0.051159239  H.vdw.2
  2     1       0.113345874       0.080729076       0.042655396  H.vdw.2
  1     8      -0.085136740      -0.065166237      -0.011377457  O.vdw.1
  2     1       0.061940771       0.016376190      -0.032359106  H.vdw.2
  2     1       0.006015219       0.056155789       0.043175508  H.vdw.2
  1     8       0.012794478      -0.007900824      -0.029061536  O.vdw.1
  2     1      -0.009439756       0.003291107       0.017479739  H.vdw.2
  2     1      -0.005061896       0.001018724       0.006582642  H.vdw.2
  1     8      -0.014325721      -0.038395790      -0.013633020  O.vdw.1
  2     1      -0.021682600       0.023266282       0.011388671  H.vdw.2
  2     1       0.054689689       0.013602656      -0.000353431  H.vdw.2
  1     8       0.099316565       0.093856082      -0.061536769  O.vdw.1
  2     1      -0.112808751      -0.045728120      -0.005942970  H.vdw.2
  2     1       0.022718433      -0.048158472       0.056681157  H.vdw.2
  1     8       0.104259183       0.000140026       0.023854543  O.vdw.1
  2     1      -0.038621538      -0.003295810      -0.027230873  H.vdw.2
  2     1      -0.063033762       0.004363308       0.019478233  H.vdw.2
  1     8      -0.064091346      -0.010616700      -0.076032761  O.vdw.1
  2     1       0.036390011       0.019431373       0.017703375  H.vdw.2
  2     1       0.024972205      -0.012102925       0.050868700  H.vdw.2
  1     8      -0.007586739      -0.030934672       0.002523034  O.vdw.1
  2     1       0.019690569       0.015734873      -0.027833530  H.vdw.2
  2     1      -0.019313903       0.022103457       0.008162152  H.vdw.2
  1     8       0.014540085       0.008317780      -0.086082585  O.vdw.1
  2     1      -0.040943288      -0.006403440       0.042708195  H.vdw.2
  2     1       0.029596599       0.006596155       0.042524260  H.vdw.2
  1     8       0.064876578      -0.013567608       0.012885052  O.vdw.1
  2     1      -0.060556741       0.008935965      -0.006626711  H.vdw.2
  2     1      -0.008727268      -0.001018376       0.003224956  H.vdw.2
  1     8       0.027043656      -0.092960870      -0.027365601  O.vdw.1
  2     1      -0.000537670      -0.016220875       0.010699220  H.vdw.2
  2     1      -0.020548827       0.107150673       0.040292575  H.vdw.2
  1     8       0.017472641       0.005914269       0.019874360  O.vdw.1
  2     1      -0.001188759      -0.001108825      -0.012355280  H.vdw.2
  2     1      -0.022803205      -0.000183830      -0.016645773  H.vdw.2
  1     8       0.018694522       0.058066665       0.017373995  O.vdw.1
  2     1      -0.023834134       0.015068406       0.022954183  H.vdw.2
  2     1       0.004826002      -0.082783809      -0.035263127  H.vdw.2
  1     8       0.040094930      -0.051706615      -0.054410905  O.vdw.1
  2     1       0.024146403       0.009984132       0.020686562  H.vdw.2
  2     1      -0.058396989       0.042805499       0.040500725  H.vdw.2
  1     8      -0.038311702      -0.058332296       0.020414167  O.vdw.1
  2     1       0.039373904       0.062276003      -0.012736141  H.vdw.2
  2     1       0.004286750       0.016811315      -0.005301406  H.vdw.2
  1     8      -0.024345229      -0.032022053       0.067143256  O.vdw.1
  2     1       0.002434784       0.030356546      -0.017539243  H.vdw.2
  2     1       0.017591893      -0.001357907      -0.037799676  H.vdw.2
  1     8       0.004415569      -0.043971017       0.113951438  O.vdw.1
  2     1       0.001381657       0.003168817      -0.010690414  H.vdw.2
  2     1      -0.014091019       0.029928721      -0.101953399  H.vdw.2
  1     8       0.011724270       0.035027059       0.012424795  O.vdw.1
  2     1       0.001852932      -0.030206430      -0.039137680  H.vdw.2
  2     1      -0.002628799      -0.000104228       0.025255074  H.vdw.2
  1     8      -0.026675831       0.074867914       0.016452462  O.vdw.1
  2     1      -0.010961856      -0.069878353      -0.010007369  H.vdw.2
  2     1       0.021303167      -0.004821335      -0.003302410  H.vdw.2
  1     8      -0.046305882      -0.031363265       0.030551592  O.vdw.1
  2     1       0.013207911      -0.010516651      -0.050085400  H.vdw.2
  2     1       0.026974346       0.024120275       0.027531646  H.vdw.2
  1     8       0.019164533       0.043351219       0.013187015  O.vdw.1
  2     1      -0.007808455      -0.014820918      -0.039177915  H.vdw.2
  2     1      -0.014979474      -0.011604376       0.027299325  H.vdw.2
  1     8      -0.079016638      -0.037797399      -0.031421119  O.vdw.1
  2     1       0.060674916       0.030364015      -0.000044370  H.vdw.2
  2     1       0.022812820       0.008592556       0.025001901  H.vdw.2
  1     8      -0.006780807       0.007708557       0.003413603  O.vdw.1
  2     1       0.007205686      -0.003397361       0.000629461  H.vdw.2
  2     1      -0.011940604      -0.013232172       0.005292102  H.vdw.2
  1     8       0.075149381       0.097699507      -0.042398511  O.vdw.1
  2     1       0.002095850       0.003359193       0.001688731  H.vdw.2
  2     1      -0.081183152      -0.107303223       0.055405041  H.vdw.2
  1     8       0.079883146       0.023239201      -0.025285613  O.vdw.1
  2     1      -0.007257166      -0.029322414       0.023544223  H.vdw.2
  2     1      -0.058635668       0.003877157       0.005567629  H.vdw.2
  1     8      -0.038780755       0.010578971      -0.058444255  O.vdw.1
  2     1      -0.011820808       0.000046079      -0.007684633  H.vdw.2
  2     1       0.035509296      -0.008875112       0.063842360  H.vdw.2
  1     8       0.027470337       0.041440465      -0.115961686  O.vdw.1
  2     1       0.002416289       0.003610273       0.002693196  H.vdw.2
  2     1      -0.032407872      -0.045460885       0.105539126  H.vdw.2
  1     8       0.025127248      -0.046163375       0.078146171  O.vdw.1
  2     1       0.018183554       0.000967835      -0.062075571  H.vdw.2
  2     1      -0.028684735       0.028148334      -0.023690053  H.vdw.2
