271.0789495630801
10.583199224176875
-6.010613054773883
19.00338544381815
4.421128505901288
-0.4591187294588556
1.476805900007349
0.9926308738981788
12.053584283569071
137.33811716958525
4.5751348183179905
11.067932524636918
4.5886076691850715
8.188856071047798
0.6099769421805796
0.9379191613978938
1.4979310710834055
18.261140697231887
228.0898150953332
-230.77750436762008
172.23692463074318
-5.933036551005419
-16.306518574402286
46.13044292892456
-32.630294780903036
0.19628964849270503
234.0371231458828
-215.94675141481883
162.939350110839
4.560138647096549
-19.95762450133578
41.990556146253276
-29.36739061684128
-1.8475269445527354
276.1736037220007
8.25387827594764
41.157957765057425
-37.56181222865939
9.93415157462641
-3.1934155854611372
0.665094551427642
-3.5531879352019162
5.002176948937739
131.46847749392654
0.39951722907095544
25.168639743514372
-7.609660968064601
9.505825189344932
-0.4773091319686307
4.184925066477587
5.435407145661093
11.618223721369343
252.74713771653163
-180.46461553208744
117.9763143313454
9.760012100101193
-33.9935013481451
22.8065773900892
-26.236939763003356
-8.724339370661433
240.34765474046677
-222.1595592672721
170.4455443796495
-10.606644724599676
-19.021162515152255
41.50243722880691
-31.124930849379645
-1.888849094944753
274.9142495048276
-17.712094805080987
16.01830592682454
-24.908877334185885
8.36752573258999
4.339086488297143
-0.5046171671537447
-5.074740884355332
9.849354580478694
136.3241985791018
-3.5240296231025074
19.939861865350554
-1.493920817071347
9.292719418955931
0.28798210575468175
-2.8697992355719926
-5.0572513493663
16.94649626573485
233.28157954703548
-248.9721151430738
169.94929934829005
16.147751617493697
-14.24793568162743
48.75619888737401
-31.391828948444722
4.369168790828912
245.69007961709698
-225.9985025866056
126.93110438848228
-11.770282764718914
-26.797244294330966
32.71958246166643
-29.871535615299454
-2.3294597851027055
273.86624573830215
5.494390424462063
21.712239127922796
7.57471086215072
6.266317205255948
1.3354032888937741
-3.1048145588967206
-0.3875317202047172
8.579791289767158
135.88061931402154
2.547476924639101
18.802994264235892
3.6445778736915617
8.164177732386952
-0.28870975165773094
-5.598896894449226
-2.1201506336541533
17.472936800056726
207.65104510570566
-204.8462383444765
173.7816461963967
3.2858048508411333
-20.210363217378188
48.58658934309888
-34.573358046078226
7.293126558250095
237.8142558700227
-189.29385838547338
161.8622470460451
9.883283902553842
-25.609458232426245
32.35926993148864
-28.121789210728227
-1.611600665006403
275.1375052098232
-28.59394958612631
-21.34844642552904
-10.047379881085009
2.7960137262395497
-0.9837846830676424
-0.9687339540870074
1.2546796587247784
6.558939260586519
138.02369106829525
-9.780671424953448
6.259564161609808
-4.914498088367661
4.583983026280261
-1.7635121192990275
-5.034346948851144
2.034601524818217
15.167486830552997
293.4508768935705
-218.14283715566833
128.66965919774486
15.565361690753171
-25.460795750642216
24.9928681430489
-8.847245555098919
-3.5369038969295876
239.61692872077447
-250.87463527126383
143.3001449899422
10.618173088858299
-21.318716865539646
39.74034310175786
-31.972009530374656
2.610020323485827
273.0827288887921
-25.038789209317816
-16.86536023491237
-52.68989182476386
2.2074653552401857
5.586236631938002
2.066838200627976
3.937901356593166
13.763971028588545
132.70448275423894
-11.431890795091876
9.65441135826086
-12.628208482506793
3.8951389753187846
4.643663640652002
-6.895235217496082
2.864882586994422
12.185849635998828
252.60780014343806
-252.79958862285747
145.22867567372552
11.136584556332409
-18.734844969643678
36.031006703042856
-33.24942115900641
1.1061104620405757
252.32933667076537
-227.8976250126261
127.58465123140168
-1.3369226273232258
-25.27741013645923
34.24822213747756
-23.090261744958287
8.260133455248988
274.6656388543512
19.032771682787146
30.291050506179662
-33.590585832073465
7.884869584230592
-4.026306978614342
-2.206678454407793
-6.81565033421422
9.05444444209592
132.63444756807746
5.975050343718777
20.508459544638622
2.4499045157048696
9.02768334141176
0.014064012918141508
-0.6102822612590302
-5.7948163227881935
14.550276940410836
216.32638298803136
-237.14542618791143
158.702191757141
23.29643065430644
-19.462619498568625
45.72282025555909
-35.65789807480157
5.936880969267872
233.39926724131504
-242.89293957860605
180.25940422294505
-21.802363526715823
-14.583302779645923
44.42999459232325
-31.757539899585932
-4.896106016702431
272.893618970545
-31.991181345351894
6.753539298041077
0.2526458953866202
3.5811746052607756
4.72063160869479
-1.489518578028277
-1.8919754720941433
5.411217201726501
135.63637249616497
-12.6295122955007
16.61285209440037
-0.5903726466259727
8.384576705741578
1.417270419388396
-2.503915245703181
-2.356871460315105
14.324314597511407
253.98426106263716
-242.06950707928428
179.2371140757718
7.993773420367042
-12.1636438519483
33.978865825676756
-32.120844232243805
1.9540265349614803
211.07544456383224
-217.6040213862139
145.3679227011174
0.587396036237644
-19.442058980166614
47.61699784780455
-29.628739675960944
1.4143934058852285
272.3100132924543
49.24497623438895
5.311268253642466
18.85887788580678
1.3259868589696526
-7.1612589985970345
2.897464349281898
-0.3231710878369378
6.205311777678866
132.58388372243377
15.839464597694754
14.761223682050279
9.333417021351039
7.951892895642825
-2.4775743261609926
-3.512472601627096
-4.311359000294398
14.02143389870005
211.8053046794168
-202.4665081958319
127.51689125615913
3.036452413690256
-25.914619034512953
41.533707922980014
-28.179441788769903
10.476589639774893
249.10346950683513
-241.01572040415203
202.9365868467391
2.7142059506231533
-8.25671718470675
40.660122968500744
-29.260823541546515
-3.1701360058254657
271.5572888083929
-8.941582257809896
-5.466560847939732
-9.486817831622968
5.703573825285522
2.575002913572276
-1.8957701298945044
3.695980082992003
8.893929155780619
137.61361342944832
-1.8291986616048985
11.92262843988151
-5.321753858617917
9.274242023261884
2.451095003407335
-4.491093489257515
6.399646598767999
15.201026723545624
226.13402555165746
-215.4697594972102
187.37823056318197
-0.8469270830268556
-17.493769777440054
46.70929880273994
-31.698743021931108
-2.168822216501444
228.81531850753936
-202.04685704825945
175.97785947770834
13.853442825400034
-23.35529885725289
38.553594452046454
-32.720402343230646
6.021689866464795
274.01360318919444
-5.6103277341444135
39.66881256016722
-8.364419774147807
7.985380638954511
-0.23504004028126188
0.6152651662887734
-2.5936501661585436
4.510984938019033
132.6142181034369
1.0005059445454931
22.89057690571199
-0.2859168994979817
9.717800312934191
-1.5713313157954263
1.1175684035567837
-2.235494297801479
15.097621442053747
226.64260488590804
-217.83621798639163
200.97104488780968
3.9478246054608803
-15.70445570888716
46.9310980785674
-30.281767662429278
-0.3008235737780449
210.1569488897697
-206.38099918675215
174.8102986588089
-7.7815252161110635
-18.895109770467542
42.548547383873924
-39.03076500241148
-2.4045477510563877
276.8203463208407
37.6571953067321
27.478013202113456
6.3235255357826645
2.3122804178885974
-11.807279178577405
0.21076361572298863
1.1698803647627591
3.572590350047232
133.33986418346777
13.993473701908174
18.889938202255024
3.5874472588021495
7.030385073195341
-2.4894366479449213
-3.7754075259106616
-1.1390247629509782
15.158185917807323
236.07545789248394
-241.89375261784582
143.13672960663976
8.031948055183847
-20.536287032213508
44.05734820286192
-23.591234703193138
3.4953381185613743
249.79565772242532
-221.0454281660168
167.67522633037987
13.22273683338517
-20.927119588022123
33.37959404661408
-35.15163271895587
-3.1249506626477226
269.1945244112735
44.19860101599895
-51.76335947102611
-24.13051878852971
6.027497897899573
3.089624325248609
-6.506888191039309
7.17441612343691
10.163153822812234
132.18199983752157
15.063771645322968
1.629736848265654
-6.683706852151717
4.838444147972672
-2.8744890455760377
-1.4107353389785315
2.1226118804337957
17.894131080589812
222.67020999078267
-229.02663106140236
132.7940248352422
8.730619498014917
-20.777942908804185
44.29771566111003
-30.955565948757965
-6.736653094368105
274.1308039574268
-281.4280073317485
195.44080413687317
-7.524540206779244
7.920234593355442
28.597811905884896
-22.747825478336743
6.382838217982851
274.9242868941234
1.5323811031268353
27.269161007198946
27.43887926767238
8.080240165038685
0.025236282907285964
2.643590767414107
1.788957301706997
8.243741037708926
133.77946430355306
2.7245659907209747
21.974959050537077
6.626677815614979
8.826519419755073
0.5028675027800982
4.656362622773103
-4.0978864180929175
15.377550948702634
221.68825950698604
-233.76212123985965
170.32501520971525
-11.494045257914436
-15.621392733732417
48.065956577336166
-32.40539585495032
0.40630688861113384
212.27694683168775
-213.2657619655896
144.58429953063427
-6.119463258287847
-23.579439226658558
40.69047456589258
-35.41489328946496
-4.679557734151927
271.2907453347947
11.107396144740807
14.461519627151999
54.467872409252344
-4.27029763122365
-1.0147922161684781
0.04041587010989372
10.647036602439469
12.297176540443552
134.18366365722025
-11.944682838045061
1.8021175686842321
8.407932102029068
-4.769036291915211
0.12681365933577673
-3.3282274611690332
10.303417817593834
9.396354599990156
241.61345701882215
170.8911072044092
-198.59716982658358
-58.544192587362375
-21.49510539029677
-30.359828848353658
35.72371535094314
15.5406739532631
234.804511774752
-152.39519610218886
248.58773062212137
36.120827251614344
-20.460742983332388
31.68774137726269
-43.4468842875472
4.365373074749753
271.79879192732005
14.181111068055902
0.22713903754950826
21.288130142084917
4.753905586744597
-0.9372612875243932
-3.2448959566227242
3.5469423480425486
10.486038107461034
137.53824635854312
10.188511032024591
13.524047941332846
0.550115237719935
8.202594765734563
1.1000263344073837
-6.620017300770551
5.505366270459736
15.555991767136417
219.0812990003951
-224.7404499488764
163.52753107053204
-10.770447010137318
-17.77108555157449
51.5725125905828
-29.661685172229166
2.6422731481855166
254.9655822258643
-217.2274701381329
149.66007379605423
42.5359346073351
-28.0437183824262
31.9369323849694
-29.79394139925384
-1.4493537166638433
273.85339474347916
-17.23032176379292
25.076122354247357
-10.000659779377536
8.244234625556006
6.211791164906562
0.35335299379258434
-2.360267048297277
4.530311721900453
135.57878765613475
-4.315950726739687
20.98992704922022
-1.1342792961186658
10.799135092227996
2.0656097061395404
0.4445286756435115
-2.3368838274444306
13.49847622534785
233.76614386533015
-206.9804887150592
182.70494042964205
9.48873893730866
-19.01091617473669
44.42692085850099
-30.763442715658183
-0.8383485594468709
262.46692132242623
-166.42205862960617
109.84219146300507
-30.227679710683006
-36.5168136819594
28.692772667420094
-12.52039755267981
5.23135182387526
274.8493996465541
0.7317529827774536
36.728792483383984
1.6660905940207016
9.193356651032841
0.13839521959283343
2.6840354583852153
0.9067424422075656
3.0900210576647833
133.46466321153537
0.5046320591335607
23.659485051732513
-1.1488615640374014
8.31099040861195
-2.764942168868595
4.861663601415044
1.413469362148247
13.751331813706264
228.81722402488077
-212.47078470365545
170.16713346369548
-6.536960401258952
-20.140662310099493
44.06720426286947
-30.289893724346197
-6.708436411290153
224.58903524334855
-229.09527868448134
173.9868980463488
1.5643279764983902
-17.119446772415404
40.44933358927269
-37.82260416978636
-3.2063763575106954
270.7366849857822
40.35099493096032
-23.503144587879966
-43.825920307937224
0.7426090384788562
-0.2315593680303984
-7.430366172927529
1.6300001802192974
10.484168355364814
132.2394778332236
15.46634619173401
4.530416176692763
-5.61164554143768
5.680994509226803
-2.8465789199639544
-0.8842553685670969
-4.493065169806088
13.12274076827131
205.22447875668533
-198.65510510908223
149.74004504762013
25.431830945070658
-23.771345718696942
50.89547604942912
-26.03651932914071
-0.20544905082791942
269.74435934999036
-238.9036796823266
186.8537494186746
-31.028193846796324
-10.879699180867158
23.069769305610375
-29.82370658055697
1.8290389274428422
270.5615010130282
37.810602279505694
-11.863251136096324
14.165550201100128
2.8838214695495212
-3.2728302701117706
0.7490529460396365
0.32519568997930404
7.670651666996751
135.0500910047153
12.165882358172858
10.866946703363896
3.4262350429708874
5.07132875589644
-1.8338329675335057
-2.4485077686401326
1.2391232329336455
15.18574579270158
231.14926081862424
-230.1551330464834
105.86054904817209
-5.063089199603411
-25.690566379542304
38.425597252181646
-28.685912993108634
2.2627853816356858
249.52055550714252
-268.90861447239
156.08688629434243
7.647668253547209
-9.372859694709241
40.61282236117595
-30.895877110265058
0.67366959788788
269.63260465914294
-0.5434888559262475
-13.579316301453654
-21.513142305058917
6.070799684638499
-2.5022385167592733
1.8517222473779043
2.5255824565483413
9.528099093103132
135.78703905683167
-1.7404472044061507
10.09854570468117
-7.709355029946701
6.875849586424818
-1.0234133927648554
3.6454289402016213
4.4086328142320585
13.824075003118429
244.71013873938375
-248.12019370114322
146.38526297344094
-7.575088369276976
-19.47540545206582
36.07533410052426
-28.72531940364773
-6.473114868426351
222.3463724602189
-231.96725688517796
149.439308829831
-6.058053653357504
-17.176028717089867
48.78875475979096
-30.317910814620394
3.910081022132168
274.0594460157002
-35.23121851879688
1.0695000493416398
-53.321566710645484
3.7325292050294543
3.2903787959362947
7.575321712863434
-2.8569695427535025
13.211751806010737
132.33981142959158
-9.388656775865922
14.472690226207733
-10.74556059235443
8.675198669433275
1.7936940249135134
0.03640896175745599
-1.6492095318941844
13.751235731564645
239.6491167125021
-231.32020897694872
195.6193747949839
18.90649066063392
-13.603064842391102
42.934039701221145
-30.107751530134156
-3.876811767224595
212.34459080506747
-199.87253238822086
132.46634929356853
-16.61704821511296
-24.431672067501967
43.42217270489314
-28.852198136312914
2.538954698889065
278.43054525645334
-78.77252374049344
1.1678419822804584
47.968852823900974
-17.16223758559589
1.2814690128908373
-17.34225997416145
-7.913324570295513
-8.811147044998364
123.43275847520061
-29.65695208735886
9.943849342376932
4.391075786784755
-2.063984883004673
-5.875300766246348
-0.11207544246489884
-12.333421008003041
-2.9769574807791606
241.0804696596655
144.01898712302096
-176.14835895041975
116.17239024805436
-27.671935693988097
-22.58620284016191
26.746847241943637
-29.300145089983396
215.58995898776257
-126.95536253696389
198.63230261226224
16.28605634997555
-26.337186562071057
33.24498149744325
-35.01945177558456
-10.95356170318395
275.5639662348866
-21.047715933231068
46.11156901444518
54.41218331552891
6.91462374533116
8.605491445321793
-6.399235959262897
10.186863589230752
9.533345249410837
127.34508643099105
-7.717525231872313
23.69554374629056
7.373723562829128
6.7819521701216505
6.41510831673943
-2.7273707812553063
-1.7267057843794331
12.060312168213379
222.10469928142535
-210.11536893996217
170.9809934411455
-17.379264586702693
-21.30358062054897
36.33802279221368
-42.64160151461504
3.5222394891480655
235.0125193083776
-153.61653340891687
159.0036215618534
28.908151621614806
-36.763585964289966
34.31720875024103
-21.996986899007947
-2.067895512972547
275.22594839738986
-34.8900062456875
16.641993583083778
20.02293443558837
-6.503391698284319
0.3980428853424399
-4.325102385464737
-9.690936686556705
-1.3132779913802524
134.9331302895145
-19.372055252085488
9.019243152482215
-6.852944122154057
-5.698242746906522
-8.598345069646774
-4.602124008230544
-15.221739913185973
1.7479930180700913
231.66149551240096
110.65206341419963
-228.61008309423775
160.3455518224745
-15.803806710134182
-16.254721986354816
37.867047399915805
-38.03455603629327
217.31767119694462
-147.0810300478536
176.68203347395033
16.368154420116955
-27.308014004146084
32.389214660085585
-32.3011901913217
0.6797110983255306
270.98218496545906
-23.73253835564391
-7.814142410817044
-8.58279547594353
6.031029045887866
2.0146885433409
2.401163179628082
0.03694185641356341
12.18879785681557
138.02376406461366
-6.551712192992873
14.010424786684883
-3.270301078496958
8.187117891415559
0.9990762916722792
1.9589819822717327
0.5894560350830716
18.96237507799381
243.29892569580508
-231.92255346310554
174.82926317988992
-1.6471365900763004
-15.247339606684301
45.36553325939712
-29.28628999914126
-3.634678297287053
228.16055261780045
-217.551046504485
134.0132874136216
8.083759516198633
-23.171829503133143
41.641991711208725
-31.917030972988492
-2.3736278412904515
273.3990357473915
-23.218664506318852
22.947593816964655
4.261778246558654
6.377246459426396
5.827486807103868
-3.215931520637894
-2.2351762202462284
7.381529570389541
134.33202157358318
-9.489707760699499
21.12897756928115
4.120305121063792
8.015575877649342
-0.42135938790112937
-3.122605956908033
-5.081262715281308
16.623791208822606
231.34184079324237
-215.78371923907932
145.11685321690115
1.0437417118183072
-22.990215525662094
40.13090519689397
-30.396723128942817
9.973760279069465
216.0959836023448
-227.906923668474
153.24775658368176
-0.546362325496565
-18.22282534918052
44.50997653565031
-35.66929587373477
-3.829262343096431
275.1975926729889
22.094722378208687
18.167266259854475
-32.00593777963812
6.363404806556585
-3.325871107376078
-0.9473195029266854
-2.5936433013354185
3.6844756083605636
135.55258574535225
11.117317246562415
18.917176091613708
-0.416063584833136
10.31342538100527
0.5467931566025835
3.327698519763633
-3.3123989149199184
9.733451966169481
218.44327174681368
-218.669365260591
160.09202828944905
12.358717046832211
-19.774342655810205
46.89083677651029
-29.860594391976438
3.791060715762433
268.52437753702446
-205.7678663758405
157.5005415079196
-47.99244774749154
-27.605618944693056
25.254569760356418
-23.5835066587923
2.402685241630744
270.7005706942771
30.986694385900197
-23.78838456155792
-50.71713751801361
2.720092557448441
-2.013109071315006
-8.799366209506871
5.469083669336258
12.751761495149278
131.46340941828487
11.707693389310933
6.746237938734183
-10.895755796486881
3.8785692636987257
-2.801798521820432
-1.7470476452475174
1.577431120564379
12.057361968291167
238.01322263828828
-219.46605688522942
124.95976625603078
13.473924877672975
-23.448913827467997
42.99278896941688
-21.24163451496475
-2.7687907610058757
254.92286190514326
-240.47017496249757
155.2128199160004
-15.267606732816617
-17.953717324107235
31.959858950963465
-32.29891138102577
8.211647656063654
270.0682580904675
-45.86550378101145
-35.80839315883407
14.319521949441164
1.8038560470335545
-0.792446849709413
-5.621963969597697
-2.2151790052586584
5.770065527896203
133.2204019046491
-14.330480095170794
2.460341430281239
3.862982216670544
3.3501442254824205
2.1165022602088457
-3.7932855282024325
1.321173380122777
14.028763041561536
263.5971687573456
-253.45240492859335
166.03991718520416
2.7119518171893304
-11.127041196165013
31.907229854674164
-28.17349863728551
4.175182676309723
238.25391173861578
-222.77301403692417
108.54176729447951
24.361661755929376
-27.31846103805971
36.768384521615644
-26.152428394050027
-4.295847087845424
269.9361587627591
-3.5896521200571803
-4.202170701579878
4.507560037236908
5.855749352558025
2.1466957544481797
4.093613886179356
-0.5053003990167041
7.653133319885508
137.0495859773901
1.2740060227777275
13.083789685388307
0.14425412000281668
8.067878513666978
0.21703104021721797
7.371141210831439
-1.2104292543253359
13.987792916064446
243.02957215131735
-245.81189758143864
188.1566379436218
-8.860130271759559
-11.470337324111986
47.18730387422214
-28.181570807635122
-6.038617807472782
235.97217687793847
-227.84633428866167
159.24001547233283
-10.327593392620685
-21.447557400163724
36.08001317870396
-34.721183195927054
-3.289313819043924
269.09596437414285
4.550411433112093
-24.1410889446013
34.44672450973988
4.96860943481908
0.2203577405648129
-0.7941863999126061
-4.659346196845383
11.234902668600384
134.44499664333455
-3.737290710692327e-05
4.9140483694907875
8.238363766872228
5.611735736558029
-0.06594442433587877
-1.6469052354527676
-1.6581992305662907
13.982129274423674
236.72169942435107
-223.35168218731036
160.07432070897295
-13.563286369494463
-19.404864028588296
39.114050398028844
-31.151393372954683
8.994940750559241
228.35433731317772
-224.28170129150058
171.67186865664812
9.714794766585237
-17.140345306233325
44.60867148486994
-29.32335598344439
-2.891689551472459
271.84583267386364
-7.28310952719743
-12.340249515672125
-45.57022423073218
4.28376013837508
0.6565313979457386
-2.3212028872278565
-2.141241544840328
14.216829640690419
135.41563843904925
-4.043619082376773
8.459140502651902
-7.502104486048246
6.5723259339834375
-0.024197027087522797
-5.563937818742254
-5.4762780806284495
15.09557181950171
249.1649530587585
-213.85260156359095
165.90383056154067
32.218279664220496
-22.89320141848876
32.82551773001425
-31.175539160908748
1.768712632225494
241.79464521428616
-225.1315447523039
166.30492698373868
-16.435376200431563
-18.208595241893104
40.78633644285452
-30.595594185626535
3.7270714462563
274.0701676609284
-11.873399029532951
-5.379101855318324
37.989359505322014
4.15446718814913
1.776188569880127
-2.5468492086259666
-0.5251042882874839
12.871725130700787
136.04903634832914
-4.668023188778679
12.236311176518344
8.122037438678733
8.48295578083607
2.463410836347767
-1.2764199558760332
-0.5620696456534874
16.988318392379966
246.04731888406303
-240.0884325896334
194.1370995412054
-15.002170517741312
-12.116163480712643
37.84700117161893
-34.81797163678281
5.306922987756399
226.49685810247703
-179.53691187020985
146.91518184616373
15.785387523749009
-28.230466019299875
38.223913916754626
-23.485764018499918
-3.900029640193729
274.7458181147143
-29.374402361694127
30.0856963446348
-7.357303166752732
5.259441295694878
6.070714688085739
4.227493591457474
-0.35632124456434944
2.595517620311511
132.38049434252022
-13.456689494433759
21.054944167503137
-1.8620698712694477
7.385716637959984
-0.5240601845395912
6.279638501049187
1.4998345195436082
12.715922542089324
267.15230117988835
-197.96381804242748
125.10979047565345
-10.018728101465648
-31.123755309761236
24.432352183050465
-20.15321894276513
-5.4312548530237645
213.02445802758692
-222.189565110734
155.879208201929
-5.007863094677758
-18.202171855006313
48.56264935658021
-30.96494920778853
-4.427646045554409
274.3801359441518
37.226089365129226
13.941374469662923
35.23151778154686
2.094018434791596
-6.472140237477384
4.510124368841947
3.6686425321603937
8.189460505193388
132.04085550717798
13.435406253848887
16.030350727749504
10.185507710621543
8.839028889705688
-1.138422709684437
-3.2192974878345906
-0.711637355704092
14.26378060094327
212.1499438274989
-209.95761990485062
175.42953877926112
-4.767713713444884
-20.337234878804168
47.95696333824038
-31.902367135150307
7.1913206715648945
245.56078625247278
-210.24324270179937
210.44725350466467
17.30383774365356
-14.398881881229638
37.954311882239395
-31.47712064101464
-3.0318064746301836
274.64912907193866
-7.783314538629606
2.3520440123259414
10.813302358877129
5.130456192521102
2.5293559574637143
2.7411340184692725
-1.0710178904172807
1.7704004169919036
137.66422087330486
-3.94086241590152
13.593707999946988
2.887388419067855
6.841225913623439
2.7518246158548907
7.723098919168037
-3.1085184825424013
8.329242044278024
255.9274404325965
-214.99417611080412
159.09187302275214
-2.8033514473675893
-24.23301933620487
32.49986482256141
-24.046006922370445
-7.100032133529359
260.1802563790724
-204.3287119846414
145.54164323441265
-13.632603547152414
-29.228365967770493
33.82092442751547
-16.682338323151566
-6.355879856445302
274.3927241715136
-26.547749301011226
10.969527563915284
13.561245145545206
-3.9887169190877847
4.269013510025346
-4.415155669389133
-5.4264838420926225
2.2681759559870693
134.69558434120484
-19.749932782858583
8.114544807377925
4.511930971007031
-3.5248579285751336
0.023880654881504655
-2.7407192534332103
-12.934006830220646
8.882606461755504
244.4082179475051
110.42140709273923
-194.60270743491466
88.08946652157374
-30.74848226282721
-27.145633021548786
28.764124984771158
-15.476790807905335
249.72290165129024
-127.00433814582304
178.55508826745103
0.7812091164703077
-35.009318571754584
22.05661314079958
-26.909390146289905
-14.400322931467946
272.340029440278
-23.10831207872977
-4.350595977424674
9.090111704131242
-6.830841544362621
0.07951411627623627
2.323798748137701
4.279030699419247
7.736525795753979
134.92203881165386
-21.733072132220613
-1.345583662714047
1.1266337068216012
-7.395986098267901
2.6004976906654127
4.891904985271303
7.910519428948836
15.354712692202089
225.27130884909909
229.65005772913256
-163.37278456691558
-32.37113758622407
-16.615661448473787
-42.41941488121808
37.01705416583581
10.551822672802729
238.32186822480705
-83.41134689014383
250.73374806920725
5.019228634199941
-22.83203045084721
21.85098330288933
-43.15794106189919
6.502840694153035
273.2977066209982
6.886056099309807
50.299961506534096
34.07306303204615
8.304039173781993
-4.541426599442525
-3.8727495210450344
10.541788096580763
5.82557658738552
130.84597029486912
9.053526944096987
22.037837024292887
0.21057818479521906
7.070447428844734
-0.9447242023474579
-7.2722041105523285
4.448507864425182
11.492432417399801
232.27875486201452
-185.29679267621054
172.4305935911966
-14.268555160602958
-25.759393181891305
41.18844412891178
-25.179787022644774
2.8841941370720576
212.04123478634682
-185.7749829132565
133.48057676902906
40.64498455595158
-34.344343208758346
39.237440789287795
-31.992181991420505
0.44929461938425774
273.0639648813742
12.911570072040126
19.49341478288661
22.500792259624014
5.671106162341082
-3.0834934875003572
4.354376250023396
5.277997271794875
6.039857646862793
135.31159942259606
1.15967026520532
17.34391297667193
2.1295777934656477
7.408482400455732
-2.1861390688215083
7.1996420760358095
5.855599825362588
11.872365376120568
234.6605941497015
-195.04352184230396
134.33227941502386
-31.927640554312056
-32.09727420693147
31.577087825428062
-30.606703357862287
-2.302117620433785
247.72257491391403
-231.09520862989632
150.54259781616346
0.3919169043584674
-18.693117761152614
39.139944720085325
-27.603284600268804
-1.3497114023643793
275.05775674544475
39.537476118546316
29.372930615560538
13.651351322998384
2.761486296389811
-10.730771922215894
2.8153720048414512
1.7114072231994504
0.7270592121509875
132.69611555919863
14.139071877134352
18.19395552829512
1.4464280860938672
8.855533722956825
-0.9793153783017106
2.3269831198929207
0.5859224771102001
11.165972771257758
234.81432669070944
-173.90274206110598
128.78009214538181
-12.418591818721133
-32.04629309665723
35.66917795393229
-16.29706416262856
-2.001882649844185
248.73033154346055
-175.41445424728687
182.44835005729806
7.7125028048724715
-25.311057610649616
33.21123626786268
-27.345089664086977
-2.615457469472961
269.9555749455778
-20.78175837226225
-23.130456697245005
23.27207505466265
5.0647207432379835
-1.7893219252543895
1.2044449102979526
-0.29839463008472883
8.432163631916579
136.25908877993396
-4.41118010543522
6.979123620610093
4.5163969171843625
5.020533148574263
-1.0175591244065498
4.617188468860487
2.4894837672798418
13.66270418492076
257.97266872959295
-243.83199892042674
153.0904478451061
-20.530738535826572
-16.28266502612858
36.30579711093695
-23.27605941209982
-2.5192278152317016
242.9742116668139
-230.41381281817118
128.02951146388358
0.8831323477141169
-26.953849765557646
33.394792526336346
-35.27308561117561
0.3226768626561616
270.06874908763746
-0.7682584670043843
19.160873621357396
-17.108502177426093
-5.012755646084996
-2.1744628399816315
-2.658865419703586
5.4916131534814125
2.723183412881875
136.41844643282087
11.931818016909935
6.4598090796038585
2.87614406718301
-6.81828892642583
2.2877240716641785
-5.50426846738046
8.779233185098132
7.035477290264243
243.74866983557212
-127.49595769382098
176.30850755203758
-1.5442539730974012
-32.370033034029156
23.457454717179125
-27.088453988594356
9.270989681727263
248.26148220737912
54.32686039055063
-226.70251920172583
192.07138875843572
-13.612570260075852
-18.388512387049868
37.699608727445074
-30.629238456121165
270.47167203717675
-32.52593542594843
15.84436283632263
-14.116674526572549
2.7889021940836893
6.143072738332928
2.2264972741115523
-0.6664993910319562
5.86383306544484
133.85356940617498
-11.570632588030252
16.40233841609646
-5.440365304263744
5.940659521727141
0.4243575868897581
-0.8144982186390949
2.084927451687331
13.170115231764054
240.21360009299121
-213.86066097418183
143.84715459725257
2.6300423905978008
-22.07906835268971
36.43384836563539
-31.800426110476973
-4.393949003481357
220.24532138295572
-192.2330863879724
112.57103052561021
1.9406707938006065
-27.508929153187175
38.91857234225655
-23.30699151577275
3.574857848686271
273.58348823406266
18.944650895621912
14.517191454993728
89.14901976782733
5.739403982504901
-7.276621431581916
7.6449731762178335
5.243109082932822
22.921569060511906
122.29865300710236
3.916916774319601
16.057496892716564
20.899415587902652
9.131187136890263
-3.925416857637321
-1.857618379682619
-3.3770844607406056
6.908417596941273
257.51453616341786
-118.7055539078638
86.80518165214735
-15.165423426618176
-43.72342280336638
16.952104927737388
-9.109419168200276
13.712478340465251
209.4883116647833
-201.1789400255144
169.59261922003668
24.657318292784552
-19.0721768263951
48.26856544634008
-32.976157348332165
-11.885766973810208
277.2836597470016
-4.535138978690608
38.336890877089466
-36.22148404117089
9.253521729421504
3.1635538818266182
5.4844562469042835
-5.421907229282129
8.627294386231043
132.0393937911261
-2.3510298771254265
26.15803684571624
-7.067676445778794
8.733020504729483
4.23170792001196
8.289948208841922
2.8175554186237104
15.230374629626578
235.44407420793303
-245.1842140411896
177.4507714953366
7.646313915099235
-15.561364672106674
39.42322786807212
-40.99747112897881
-7.747282431855888
234.26588491493837
-209.95447079192837
168.97772679942327
-15.417486711431707
-22.74764673408313
43.64069920884263
-25.528454064359344
-4.659451648725357
272.125902977688
-6.336931491120717
-0.01757655510086914
55.406765268716555
5.980992255943252
2.0322833580793853
-0.12071332223175563
-1.4461663111549548
13.131203580234406
131.63003598040382
-4.079433946148938
14.97027501281423
14.438860256624197
8.728232418744465
2.8008356728907957
2.753637636844291
-4.182682469089165
10.850405489086256
234.72632882768448
-221.4861060366729
155.3012939779295
-22.905139048013268
-20.369278713877573
37.86264913112054
-31.89022787578745
11.004590726939849
226.66493326697608
-217.2357265946804
158.84294341938417
4.6985115186936
-21.114700365908902
45.794848253093335
-26.851538093013286
-9.415187147834521
272.0161384657553
-12.571649144587225
-4.4641970046512975
-20.162659338565025
5.670902659099654
0.564372380708298
-1.5509014564338353
-0.7256355612758473
9.262670889898851
136.34945670762286
-6.905771861481307
14.621395889319997
-6.2374730849332956
6.9212270357980685
1.1417413032952755
-4.443313648783017
-0.1605766057414893
15.746693543588167
248.3034270561461
-235.36416762849845
122.16032152810371
6.3279086478508475
-25.89015785195742
31.56039123803163
-29.097720737713445
0.25113318747210656
213.04705570184316
-242.18282310202667
138.50547716311746
-1.812784637292964
-17.387565659960075
50.84628678614402
-30.62213941715247
6.836774484030414
273.36077835172387
21.825663853691037
41.23832892129234
-33.07625333462508
9.181812055292673
-8.699030886267256
-2.99192341762288
-3.2430555724239776
5.589586557819739
130.28788049139905
4.734867691498481
22.361208990215236
-8.049584118265019
8.60489026707195
-0.9792757445673427
1.7719923967603939
5.935934271415802
12.251165773567433
225.79404721690128
-181.59849024114368
136.0597721761778
-0.5944691183411477
-29.131553246790503
32.09536850295276
-28.970484841585872
-6.566465868489071
209.65958755212188
-200.51034950721336
183.03856744260406
-9.866757344765375
-19.140598123727386
49.66020973216233
-33.44666501709132
3.17616009595455
275.23261710052554
35.97841224199408
48.0645955711334
13.03970501073087
8.075863168873617
-12.268192046019491
3.8611503931886593
1.0658734309098001
2.652756322006089
128.87515884956005
10.263180913265229
24.659447272727242
5.496227187634934
7.58063950037931
-2.9538573393368996
2.328141566321272
-4.4425899345475175
14.852079250452693
213.28171821749427
-183.70019433806348
118.64568303395004
-3.64992357315598
-26.51555045276958
38.99500491803204
-24.788533115919492
5.0758099048454834
224.11307574116822
-228.56373089820124
182.81973500653953
-0.8888658308908362
-15.522718409513557
42.77337487244269
-37.58656035359602
-7.1256071848678495
271.46037545501497
37.45700201868994
-53.03001336610662
2.2874075094256225
-2.6191684681693106
3.3168561181657585
2.751149457109467
1.6695288442081866
6.396351744353463
133.55410810379993
-3.155209990853068
-16.031383508072086
2.8373819535168057
-4.519787931515353
-0.7172255546650113
5.065056143619117
3.8075756172993875
16.313238086466978
231.69991275543657
152.32507400602586
-215.54876023221289
49.98822268200597
-26.29193137711191
-30.81334858531922
39.98448913275804
2.1252218053022984
270.8574291362941
-152.46549800716366
278.3477734963214
-2.4310088388830313
-4.98263776015902
21.370577396279934
-33.04718510314621
0.6526929173005789
271.6976668518434
-11.165799615395027
15.026272126305855
9.091529770679305
6.620989352871719
1.0325460414635463
-0.11948333033669657
0.935651492060924
7.184786014014814
136.0492130651067
0.2726155599977392
16.961935692251814
1.5639856973821509
7.929348875491554
-1.918830531036595
0.5103860943639199
0.15691496387210804
14.89811670659641
235.85175722418674
-218.13183124131655
173.18336538623748
-4.342682176158025
-19.98122346185505
47.73300175980729
-23.427072150090094
-0.15754597974349016
231.40298745087298
-200.75226609126545
123.91401004064659
-8.771444421108363
-30.22194078397591
31.646211181353635
-31.734746953528933
3.645210298237433
271.6225814423467
0.08126198243412378
-13.664248823707997
47.36994909480437
3.8021472104129357
-4.525096336523754
-0.9060669471302691
0.15801066578619405
14.18302955872061
133.499603426519
5.628755873073994
10.428223945793096
8.977090010137658
5.475214497015495
-2.995156562235191
-1.6152857984844131
3.395343056741193
14.949953415415465
237.75881503076158
-252.84216859840024
151.97203734784253
-19.427633951799024
-14.998371674804606
46.434816543303775
-22.157946082130085
4.446185982243925
231.4727739817437
-266.2451932175685
137.5069469793172
22.387444673656617
-21.484321720238178
43.11117411083959
-37.44376936071032
-1.9096370277124421
268.8716852451321
-34.740503030976676
-31.593688483353617
48.01614505332253
4.81047401899143
-0.03134205804760579
-9.630263875874688
-1.6295859485983777
12.489060643803606
133.0636006622191
-8.4681182234963
4.289339764121714
6.657118442060395
6.842264653518799
3.7046362078268826
-3.92288376840061
6.7174518464676325
12.281895108247971
247.23432329565853
-250.46491566766377
189.4909531514299
-21.522070091111367
-8.667965073700213
42.854295930191796
-29.147450677021908
2.543556119753543
232.17789662603803
-191.76236641775543
126.10409846502861
37.95804262126735
-31.044034158859304
34.14189581015231
-27.863168585425733
1.251784895034044
270.0435838583006
-27.06062397010063
-9.05573115620346
13.114291094029038
4.1173705048767
2.450310632512208
0.7750436054201447
1.6288560149903013
11.499814993439845
136.2216148459457
-11.775035223154056
13.104384542328948
0.7245834636750517
6.972312569982981
-0.15802950333677404
2.7845290307074353
2.920145688162391
18.34591317822096
230.90610226184276
-224.12134822866548
159.01155421303426
-10.582125214498134
-19.01545281800838
40.63980758678118
-35.98827207237551
-3.5576056327800814
217.9226143566783
-240.63766708794313
151.20020761446204
6.565805222280829
-15.616288896120052
47.68757957049866
-35.087730603286154
-0.0034854503441899
272.0937168576553
1.333041646296107
-3.1326949367183845
11.296780356571261
3.8902452457066987
0.28325485643091747
3.6700795027049375
-2.033469563709851
5.497015652769519
138.04102967734042
0.8796700046426598
11.528857878089633
2.767979823570953
8.071252972964245
2.763510299927731
7.1792040682700105
-2.686802155624715
11.68715356063547
233.10941377522616
-220.36665622358706
163.56586342642498
-17.06072199472512
-20.813502811173166
39.97623816385206
-30.349138967153962
-0.7198336649279966
255.7421057409042
-164.39771939817413
142.5888548301678
-12.70138889309628
-34.955594078657136
26.39924293266126
-21.506879224104587
-6.939231574748312
270.8321773280851
30.086422079668406
16.97159019339836
45.68102658661271
-3.186220279980175
3.7643941240168917
9.414144268899976
3.8653647007132514
9.977446500394096
133.32896263845063
-6.270801123512525
9.984979836466017
9.346704416786507
-4.548528976718642
6.407433774112236
4.540513189154785
0.23639554056929252
10.774620169685745
257.84957896322135
250.26546300308803
-189.5244453476276
-22.405615313038513
-8.349561440752314
-38.8439620263892
25.56453284509053
10.549693796662847
235.61420110892513
-75.88381451674574
235.90743638930172
17.77780387191915
-24.761698644555594
17.34352874426134
-43.33048059942994
-6.67939440152615
272.38763241585104
-6.617470810423904
18.084068581103107
14.13719543841978
-1.0170092786935583
-4.867673491786077
-4.046678461698112
3.0431221299052895
4.349179161808009
136.32573594555055
10.542248978308445
9.334253364310172
3.5303565971177635
-4.871255871248057
-6.144448013382575
-5.712564893030939
3.814851160519805
11.23495730432063
255.9092065209132
-43.33764093711215
216.0463413049466
-7.928049324522732
-31.278767235329546
7.992938274637341
-32.41094738881914
-1.1502967504451682
248.01330515004327
172.60426074693507
-171.6891108107931
169.17744772685904
-17.55787745191077
-35.82344697758021
26.165632539310028
-21.25718059956746
273.6264018659467
3.3594761095366006
-0.49027522368969917
-13.71704477055031
5.74195150650084
1.5856726997652777
4.433201402562927
2.6701803678223253
8.910412840983202
138.83979183993932
-2.7115957184210244
16.04308907262025
-2.7196661132887607
7.173285139479421
1.739614564994062
7.665257875571874
4.2496678544215
15.60206406523095
239.01320512017222
-236.92669889684151
142.02194827023516
-13.033066829229703
-25.381274809302965
38.28217039221986
-34.03989533565325
-2.327804280378321
252.279902526601
-237.8576621137327
172.90297917066061
-12.984435972280105
-16.380403791221973
43.88685991161633
-23.431292468921214
-2.7217398755921223
267.1760933454424
-3.2963003524398244
-2.9325363989934026
-25.699295866024244
7.208460333088635
-0.34817866350454774
0.7672704147460002
-4.608482415409467
12.9920328306793
136.36310415552373
1.802506846179533
14.066937806393863
1.420815179645043
5.933885056068083
-0.49692428551634815
0.11511531817289022
-7.709732292893486
15.801315287492676
228.89745599969635
-249.05005034095743
144.688431699669
20.426803707324964
-15.528224005858664
49.83902141905195
-31.389897989512715
5.361513171107379
229.51784238075092
-255.08741246318897
124.41018944441046
-17.61622972734795
-24.54629806226073
44.486771457379525
-34.15696402511731
-4.4237068980796685
272.35316010968165
-2.121181710857602
6.936740270204969
-46.663932363906426
5.895449198777728
0.05091696596079543
0.7745208697213279
-2.544776303260525
11.988049342691689
132.95283218075656
1.8019297276263708
14.954520970722088
-11.793676483651293
8.979246388273165
-0.43300936544205665
1.1279068398992413
0.6341346260766243
13.373533150326033
221.70680485285982
-210.00328306531011
187.9886388849763
12.056654821362585
-18.861552148398008
47.53886426060797
-30.541580974260448
-6.95064352876207
231.39018545938825
-204.71885084525658
163.40243861255092
-15.102551307334679
-21.717127238234355
39.19230600436337
-30.068861854044112
6.206589730513953
273.280148045096
9.498332290645125
10.131538970482458
-22.091880912554352
5.390048918086444
0.13622434148774556
1.3412301263928486
-0.685857322273388
7.823711702650842
136.0893197360385
4.5011955458379065
17.491079044928465
-4.666372693071756
7.189516609245827
0.8203962794216184
4.377363537151982
1.056980073940293
14.627552625816591
227.44234732861088
-241.39914755890942
159.07808274098693
5.3211506704885405
-16.480733402649733
45.45452068615073
-34.66273646400232
-5.205535282951065
249.38288896806841
-221.77911868832842
138.81417609654298
-10.056926646206612
-23.36646501722735
33.14019335172732
-26.504309797204762
-0.8548949403270631
270.61346812245995
0.7897802254249979
-4.0856719057815125
0.5179584733777644
4.42693351404539
0.9176446056054087
-1.223960695329312
-0.062401052048315045
8.41857156080908
137.85542142943785
-0.681259702145525
12.210562018015338
0.30046850481717424
7.227390276375297
0.7528148510859273
-1.983157285533848
0.18309883690907203
15.117632798501987
252.5766479237216
-186.14038222395823
121.24150103815411
-7.109989952653194
-30.798179212554675
26.611005476408863
-27.6183610256334
5.066977454731274
237.43275427913963
-209.7767106767415
142.6129737328141
-1.15198732818493
-23.149111087153543
39.07731374983228
-25.392384443466774
2.797064202773772
274.0190099706967
-17.829540357188378
11.298420808737367
23.72998722191422
4.374306341942334
4.46828516532589
-3.7291220799814324
-0.1523730093867415
10.382033194415062
136.5439742826598
-5.074273979811696
15.284729057573225
6.694163228895937
5.870019823907517
0.7459763673888805
-2.5854748806861427
-3.296856182219382
16.9969753459893
235.77560152606011
-210.28132161856132
145.16983524681532
1.221311776637279
-24.165988186696758
37.62374096501977
-31.99705182391974
6.2271704435308735
254.07223650531012
-225.21034928875787
121.60571232189446
14.938361098501396
-26.01636136576507
38.07131971412884
-20.370520688816725
-5.812066841107103
273.191724141456
15.310599426825346
3.8636394561059624
38.15965421447665
3.118443153018387
-0.5599320800555508
1.6137974089572795
4.6539107909139545
10.589265773215152
136.24074675827947
6.270119258399345
11.93458944821354
5.32585603638788
8.029468612948287
1.6226070860471655
-1.8527362218012267
5.3867185602137955
13.846499179822388
233.7612685608231
-203.59698940487843
171.03403602604374
-9.589015845805136
-22.764742977427954
39.70240035078958
-32.057686180564716
-4.693940538363787
264.4276956938114
-184.56614302729287
171.47652163744064
41.96490231170238
-27.626737700829228
29.664787008241166
-23.83719158347837
-4.707778749187282
273.586750454726
-7.0877121227068764
16.8562896698879
11.044476409954248
8.873815758663712
4.272845664597239
-0.7309926954526881
-0.06273096854473105
6.621540555724209
136.6322189403968
-1.7361495635161892
20.70971132599805
5.632301581333278
9.522071823736756
0.8076134775168061
0.7508851500800311
-3.736307767086171
14.549128360131535
219.43110884712894
-214.71635681682892
156.85448264159396
1.0234602729942992
-19.51841447197863
47.42781925181712
-32.896784214886566
4.100796401001126
247.45690126401226
-218.10944909619772
143.51187251869428
-1.9636548985055988
-23.94096393494374
32.88560180365534
-26.670605813085082
-6.457706029071895
276.11953663038673
18.122227851795135
48.430783443028496
-9.992535254676401
9.78654701479581
-6.182946198206172
2.040816401802073
-4.182266765210695
1.4589872516246363
131.94443572105354
6.025319150909939
24.13854209980062
2.271728545825514
9.042852877272933
-0.21041986511868552
4.298729095895025
-4.621442555667087
12.76960826857497
252.3099914936082
-149.63624515137963
135.55360677826735
17.59272358952093
-35.485046778394725
25.139067044245238
-19.009682922189427
-1.6898082220687698
235.40488383454976
-170.39830240647672
141.1660662859347
-12.532826152048283
-32.09647461295733
34.609853368498975
-21.05564311130053
-8.136255963628209
270.208767109227
-4.084379005350966
-29.7678008841631
-4.940747636544016
4.389815703144865
2.6878752924197835
-1.260609305686105
-2.0007809671418024
6.512805723932581
136.62856230115244
-5.629134425064382
5.038284507710323
-0.8791960194662511
6.344056134401648
2.355141180067658
-2.1457726361895557
-3.4246820462261063
14.035428725230165
253.29927862324374
-233.57627971920314
167.11999711230942
8.716331087294293
-20.534904522460227
30.71963161349379
-36.53003142679908
3.9729778939964877
257.08817885635773
-256.6083572597572
192.10194857423113
-2.819407905179361
-8.484691888495734
42.43087899248422
-18.403137710880618
1.6162362873033125
273.69492698735127
18.758984361592827
-24.732177453800666
-7.007899326758789
-2.4857606318204706
7.198583892198723
-0.829933444761832
0.3670539830660719
5.026849603152183
134.45715482278658
17.391433473868183
-10.210205062647846
-2.529193939821381
-6.440580642283695
3.9007256939988197
0.9616100970836701
-2.1924285423492735
14.61264902601845
234.57584439395774
-179.15358854283116
187.22666434729487
9.24160001726116
-24.455919574742712
41.18295579414935
-27.987139439520337
-3.007064025494637
229.45800684398307
82.18205637939525
-225.00824366931707
-28.364032744648494
-26.671620915719444
-16.715288752694462
42.317091472551965
0.6095197700587536
274.9224447910535
-7.591591513133898
22.164046997470074
48.70180673475013
7.9281673184844665
-1.767601945287357
-3.0177076964239498
3.743662014605741
9.69539085454439
130.7788526423052
-1.1458909409628666
21.537050401618387
12.981781761891677
8.244237838093909
-3.9754767373278366
-2.8235682156299107
-5.474776876939093
11.097865571087956
232.96778461291146
-219.82926293606334
168.64101529715694
-12.496701699397207
-20.73115794343285
42.35361009152459
-27.040579386545726
12.370195107371462
228.58793187290334
-239.93153808615682
168.7629233075104
13.601272124110874
-16.018700434629288
40.77027340171627
-40.0802850139681
-7.239632875360309
270.59093341388177
26.28020586687387
-5.061345493481048
-58.49870697002471
2.2931303567152637
-2.369586676787984
-7.458280694998434
-2.8697194709538016
15.174319204486952
131.51268800867587
6.979355021457321
8.016789107535939
-9.393838477969386
6.182033053875266
-2.3199856182873426
-2.6219974108427104
-5.693703552408985
10.899917947190865
226.6485136639707
-171.07284570552602
100.27556957748486
31.825186800566513
-33.39829881131686
33.86361016345337
-19.097733037906345
1.7580664910989867
260.6312993126803
-243.65834836057297
174.8609040670218
-26.433492328104187
-11.975545232178305
32.849936156617694
-30.711870189106712
0.23608907793029577
272.1805858164101
1.7464842899511517
11.167083088662181
-8.184345364062185
5.842657256860111
-1.3983787885077463
0.4088852650228152
-2.7115816130276236
8.134575149415504
136.10589081023056
0.7031770695742813
16.56762237631926
1.4094395097966903
7.574124569155902
0.0681100249347612
0.17365783460361717
-4.850289412353984
15.807919254182465
225.70146870539705
-237.10007813789474
155.60361444693606
6.284926627551474
-17.78441296541727
42.814675755178456
-32.44148811990909
4.377975701523184
227.95259191010393
-238.73425787770034
163.74141105047443
-11.824699395159527
-16.445450677077485
44.47929776130234
-34.608360071810715
-3.77057234047685
268.8361100758253
3.4619295460460098
-35.42838496187559
32.31105618869659
3.226917254154629
3.5097735389121145
6.238253739622988
-1.0504648140043107
8.642851838036885
135.1117708020609
-5.86554538909806
0.2970357520382829
5.792616654329439
2.2396907642362867
2.807566187382276
8.881203192972336
5.204151817537104
11.196792361314078
238.80543519305778
-250.30681033027423
151.89898430267291
-27.42465806376444
-24.126078060675553
39.813504230983
-32.62163620759111
-1.9130012758344743
249.22857596539157
-206.6815445171085
169.34864878784595
-10.76150051044321
-27.20913767436301
40.65659702610798
-21.351076473194365
-2.271227293904201
276.2712965063267
42.287744938522984
36.94788800978694
3.1250847049050403
-1.7155614931831598
-8.949442273052453
0.7473824758921309
-7.283652838412174
-11.865476960345365
131.23538586056046
14.722807859360328
19.452057606671612
-8.03550891941248
-8.7120779625
4.417244954463995
2.120231556532892
-9.974922035553345
-6.649636695452425
233.8480644150182
-47.814018236716066
225.62704139796455
-8.321138764570426
-28.294898452621396
10.326272635345118
-38.014993698520406
4.396653916085423
234.67020761087312
44.404882082129284
-73.68149118031758
-276.8454472609754
-15.706323080056737
-10.341351832201005
12.555504991146734
53.38536111468837
275.00262377669424
16.86272018485122
40.84323701996719
-33.89634022957428
8.150656660686982
-4.757423618874782
-3.9932099395784832
-5.703504208254904
2.4508316066144564
130.948385352687
4.797857079602561
22.51836311446213
-4.431414821774257
8.333699934072259
-1.3779360928318558
-4.123302336648383
-0.04848380805873489
9.938779446452306
237.92197260552385
-171.06032108869317
140.07066906366384
12.100877090388764
-30.819609299090086
30.391301094097006
-23.69749236673805
6.98144193787795
238.18719281119635
-196.78561581388095
150.5665537558901
-11.76177459710977
-23.92242098685294
34.39781429831165
-28.13279388046189
3.8526337913980275
275.56346324526453
35.55819811338404
0.5144123699304501
33.23128739978331
3.2344927786605924
-1.9019465006991194
7.890638606182307
-2.2588988492250976
7.325102623772447
134.72113178908023
11.05395459746167
14.856398168399359
9.7976011620483
10.273162682761658
2.579370665119332
3.636260638352012
-4.973853943483354
13.114694953077214
218.1883713985153
-219.4966325088726
166.4971730639819
-9.11045624317407
-19.61564049380025
44.082797638376654
-33.8262112564579
5.546268019216285
267.166705754846
-205.8546790529694
203.73372860077018
-2.106661675322407
-20.17154943865055
30.365968452280168
-21.900604879274134
-5.421673765082455
277.7014292020422
43.003509237828204
9.26488660703473
24.35532531480048
-10.616173274510901
2.1980258089326106
7.381252522484983
6.174436938426097
-2.0852082892813812
132.5895836329026
14.049946359046112
11.053031133216388
17.905597799675842
-12.878866346719512
9.751373031086075
1.4428725309916808
8.099479832178805
-4.665593085181939
215.41343072071814
-100.77740445901222
250.2978098582259
-0.7795203268424444
-19.81357658513864
24.08278223945322
-51.185940263851755
2.6895064934629964
240.31091489664055
-29.509993292791084
-70.65055717599006
251.33907495930902
-23.226499312035234
-0.39617563654895177
14.03198227875607
-43.91109288862462
272.2619741133023
5.518161372500525
19.79122184930674
32.01948240753603
-4.322211147576021
-0.5273825226455479
3.327838888378824
6.919011621929706
2.5495553585616646
134.3834997610175
-9.80607528055287
8.224953318443877
13.723884893442087
-9.495520484482949
-1.641970362604654
7.4081271730212315
6.990746092718902
2.4293197525010877
235.52947455653947
153.2508656623471
-120.00495909136697
-153.18743021714403
-24.679269362976285
-23.868710795245352
22.23965689151372
34.164781858745705
223.07783054515596
-64.3517390295559
245.8129907137852
1.3672805783468682
-22.868737309548123
17.49996340217628
-48.260414848418996
0.09490623000319798
270.9707033074817
23.290855288235345
-18.809703375775747
21.718864052110135
2.8947210040732547
2.215036636736998
1.3143933961369267
-2.8048690518999857
8.19709372174359
136.1983545194557
8.3145892427841
6.109885484653273
4.639559128588497
5.433194854507069
0.42975190112952777
-1.0953465837398395
-2.4155394242453476
14.319738134765387
227.79595617034863
-214.81641197652098
134.55682250548276
-1.2289789304661767
-23.383197668297257
41.26736399340703
-30.175119331846492
2.7487449481400965
270.5213727522226
-211.26330070082327
157.13322456451866
3.959066850668293
-21.779725577271265
23.84197233253711
-23.401013394791363
-1.5072940728233046
274.5851580442969
28.98462237661917
-1.2777140201459274
49.278831080880096
2.2455832845001007
-3.894817300488863
5.377415596140765
4.014959269536393
13.2693303634129
134.47097417053754
10.709503982248076
12.019408910518754
6.695924416765111
7.815226647063811
-2.6313328675138443
-0.5115039869614955
4.973023659899729
14.542020442250553
234.55902967358065
-190.90647582131314
147.26653159256088
-21.05238643273796
-27.383778501132277
37.2066241531899
-25.582788770932957
-1.045290205376915
259.92622662331206
-222.50255147092193
182.28685146960376
16.702823237955066
-18.292902585496357
31.921481814893603
-30.25171316464553
4.5740999576058154
272.70713401945744
-32.716521493132895
-7.955241537624117
-4.981343513645781
3.092845131401279
-0.561062213759732
3.7432328695250003
-4.154483285210446
8.12208169044691
136.46677001174822
-11.334480402559949
11.629369477789908
1.5300108859940933
6.473079282927332
-2.55537126055214
5.772794703682613
-7.34974901091953
16.010458785741413
267.93966307766874
-228.8523868965634
167.7331510740508
-10.844038295209593
-17.097499268309583
33.38781533862458
-19.841586328412557
3.1118252250579905
216.81557386800836
-238.3223468733716
141.98409693039935
-10.399790721887946
-21.07310284422877
45.160185579398764
-36.12794758594991
-7.43037651274078
266.70729853065234
63.56978105831057
-29.459942421547
-27.537565447499006
-12.243626736964153
5.739107126357581
-13.53385878560516
-0.23483661949193066
6.492769805736806
131.07254140418235
2.805602083707767
-5.372936614528832
-8.257472411904274
-4.058540140784648
-1.0388154372663005
-7.444429538347118
-5.299995749379864
11.973232254626899
226.28638493755417
165.2901682672049
-167.32289733898088
113.09626523899642
-22.013854079474765
-35.465631060093486
30.41598148468122
-24.73441608771552
255.8566658321934
-61.93621176253907
305.64355125671625
-5.058032330748581
-8.851703081028917
16.71089291109121
-47.203471876679075
3.593156418932811
277.2144305409321
25.552616208423892
19.738789249928956
-24.440230781578506
3.7006227238036637
-5.616640250638593
-3.0074617001700816
-0.00995415479055022
5.904453310865766
134.70201122105095
11.431153753669246
18.331705618338287
-1.6672786137116762
8.69983727662933
-3.409892498192165
-1.8855727422826793
2.2118526810337156
15.097237306547306
219.0661599497713
-214.43189276516608
173.38062007100783
14.12469390399924
-21.760569807131226
49.163848980347765
-26.83763832359265
1.0714179856932775
257.06142514832936
-223.23807500947353
188.27980282058087
-13.510031730057733
-16.721835934491658
28.474970297109103
-30.975917597562596
2.5294380149224964
275.0467351536074
32.87188829819533
-4.297887209322393
55.73387273504492
2.500231418675905
-4.770290806940239
12.744643700439363
-0.37186485010866455
11.258171082298514
132.1984687821927
10.386682524966988
14.629673884347469
12.52352870427337
7.899190976660384
-3.344127492474141
7.429094571403758
-0.8789716509236847
10.35079403512697
238.06741255936663
-192.77338775292327
140.71313385042635
-9.839121123532536
-27.6738491852781
35.48649888390288
-24.215400048995043
-6.830476669980104
247.77706052886464
-236.5000836740218
179.06115844094202
10.577363947438648
-16.610110831353506
35.5834523280244
-34.185241292564676
-11.635441168941595
272.79419750358016
-20.034737378296374
-16.332084216984526
-19.92672184765379
2.4390995709955123
3.603897825224987
-1.490160832222213
1.6911151992526825
8.442496943322743
136.88851727742954
-11.155921643066888
8.535581327722296
-4.891548672719453
6.01821378595146
3.4970690789215437
-5.789687453444442
1.6343013294614699
15.238036924730944
255.82071120773918
-227.7624721111154
166.84265213473688
6.6148994202770695
-19.42988192378514
29.766155921430688
-34.46465747778026
2.681571333431756
238.15194273642007
-238.97668469416192
161.76305343913128
-6.12661042580109
-18.186222868245242
45.31567095670131
-23.716489439698677
8.647971544325554
277.7565689779826
32.2543795669334
-31.11792378560487
-66.26308714766024
-5.510494139280606
9.503565895956225
-9.00921866280863
6.168665630743807
11.016336601965367
126.5438891559391
20.435343240230345
-11.337454966286463
-17.71007460075752
-8.125555057546475
1.2731547520906628
5.176970038616717
-8.423855277663636
7.057077286202491
251.376909089873
-177.53278348453097
189.53594224034222
38.96811368040463
-25.747081219958332
25.31738766041609
-33.911273304215925
-2.320344952962955
211.59465181267376
139.65932471150654
-190.93799732066495
-37.72401845213817
-26.844947370861302
-27.756002213739766
38.05971013576872
18.859423876794075
273.23699168779603
10.035868929279465
-41.599280465334296
7.566637783124013
1.348935742887287
6.274536099657594
3.806362418710382
-8.365717939723961
-0.8243922001741554
135.87035118095244
10.814504030346438
-10.053625553925219
-8.946847520184189
-5.406823783388769
6.530990032886775
5.508933313856565
-14.370370026034074
1.4403949342452478
276.4844920471934
-161.59998313549093
208.51219567647155
19.960861476347333
-23.40516804424372
21.28596714161696
-25.00666099046645
-1.0281288939909672
218.26749773889225
144.18379597570083
-172.10443328575738
-154.85171841939598
-21.111941021234735
-23.334600536852136
35.9219401892442
38.93033891841711
275.73111296000593
-51.75928224067843
6.161315446992008
21.015394486668384
-2.0345091666194537
11.15825350465403
-1.3887674021124405
2.1764133959643246
2.8990187682686797
132.2190078672055
-20.656207365515527
15.014573918494179
5.299258765568629
6.525620296097575
2.679818856908999
7.001442638327662
-0.11199490454818344
12.378140767384455
255.65467363915107
-212.10587015093697
177.9394489748089
-25.576072164713423
-20.103880504880518
33.45784105962797
-30.39737479767984
-1.6351523361360218
227.43236601120063
-233.7490447662675
165.7854324632521
-0.18545390098935854
-17.629976459249114
45.295587496317275
-28.696149668816624
-5.833067210040246
271.88857539674996
-24.378666734462282
15.578279819829012
12.182292278792172
3.8276970878782577
6.547720026740693
2.2989674054399227
2.4037171063935747
4.49202936861315
134.56904995430062
-8.739772177530684
16.68117384603053
0.5389816137317069
7.5875249460048835
2.095781729480525
5.463075990155911
2.5132509594839645
12.240067019204163
241.6072068843306
-230.05741716647952
190.60578783485667
-16.018571939491153
-14.98977227338789
39.78458173685785
-33.85722060976915
-6.720820447160392
232.27632920640832
-205.55102438590862
155.6969165774351
0.9127679531388679
-21.395650035459116
39.752244091713806
-27.248465301962742
-1.605157551698909
271.72906873195717
-21.549214985699187
-26.722576637316674
19.47538578610643
4.558776190407962
5.010057251274691
-3.2594643851013907
-4.973825174436343
9.550954998561581
137.20743830408364
-8.13775889105313
7.90677659698108
7.136513875965781
6.375881474875908
6.455118752525268
-0.9210544193755912
-4.988642641199701
15.863159390719737
259.9968487004889
-267.7440074559
185.60015938248546
-4.147833432359846
-6.493420191889349
34.818117638136556
-34.55666209962012
8.135799894760483
254.8042962530505
-193.74372271675955
137.74233831345853
0.8931285384539791
-28.73471224895032
31.439051712318456
-20.358493997818673
-6.278141180737135
273.8694780216364
13.791494482588817
31.898313186836997
-11.31957848300436
7.169649470711114
-4.404250202900164
-1.6373504687941751
1.4226928797441094
6.952888745565337
134.27079912008793
5.892138538382979
22.121717158385543
-0.7022962534283064
6.990667511807567
-1.0212609295796546
-1.7156082564982198
3.218591782592003
16.34709062512075
235.60170935107456
-194.4973871094764
129.24297447327746
19.964936364867192
-26.951747109884693
38.465979387174336
-23.70463362349646
-3.8333876071774435
232.41656198985217
-201.79479762562212
125.00102539261412
-14.817238455190363
-27.466094549848453
35.79693666649973
-29.477265021437915
7.20837348189886
271.1787195245224
-41.25449691581076
-8.231657179981411
18.593875416153434
-0.4247227058948447
3.8215109638318965
-1.8868485275972793
0.24642716360799022
6.447716484219634
134.13866956547622
-16.093934879640152
10.651272756513668
5.271474057833282
6.53395714780637
1.5629888175198592
2.715079010536654
0.5413561924597499
14.015397540354206
262.8735715633659
-215.0737201123992
163.84353304617443
-10.46247844959025
-20.69828542036727
25.728580381012893
-33.26170173261268
0.42955057933380303
225.25290262350288
-192.10015835336867
119.56309438447998
4.856600637051628
-26.622082653548233
38.83009453883011
-22.38409379253843
-4.061491909283964
276.8230422733808
20.486665504681017
55.67836148343513
-9.546804165560015
10.005113683395022
-5.945525051558082
2.334865985409497
-2.4353631616184392
0.0549876287306188
129.97936002349832
5.798860766577541
25.861686430807342
-4.012845570677854
8.513145416122542
-0.745209842886681
7.700525586786984
1.0510015930117294
12.86409146661375
208.25414711002148
-178.1819070191291
155.87289006661146
-6.6848279715746575
-26.464255880926512
37.91780308342524
-32.93283070270543
-8.052914226914073
226.6931551368641
-191.610356666598
172.69658330455616
2.2498021387436893
-23.472079126663317
37.39765619632405
-30.526628361552028
-7.776714785508695
270.9481858122689
12.631161565030856
19.576302931127334
31.11382128884497
6.689932430233242
-1.1688773502645857
-2.2075622669293953
2.638175291663025
11.045140093780683
133.8107617857791
3.3959985248800644
20.190348182620717
5.57053863408481
6.3600252871170895
0.9916098156254439
-5.781159727503837
-0.7804256895955313
15.806775635964243
209.38141342387598
-223.8668457117817
131.43452206998015
-6.833587011731252
-22.4030799316061
42.31892983369368
-38.71578915342177
5.457335148892761
228.4214446817337
-232.1136358163856
155.02027439601284
17.682736678264927
-17.361627839339413
46.8546414168458
-29.389815394239953
2.5792914654502157
270.3623173860919
-7.567681701136771
-34.48654567317738
33.33098139252349
6.498031546109322
0.1528085899664982
1.4521543041119742
-1.6402168239149353
10.249160111187432
136.4800658837606
-1.3191912534338752
2.692149065238501
4.286288577630345
5.799877506339254
0.7447402481764679
3.1916261864699935
4.472668977208889
14.268299701112639
251.79007991905144
-238.26834498176692
166.63723472011216
-13.686610282893469
-17.705496909773576
40.03068779091883
-24.79087870046908
-7.285056402197313
261.7160315988801
-204.74977498526792
129.32430554820166
26.606952286273383
-28.405802135830783
29.063780839132292
-22.98779052434345
-4.113159936401484
269.4249494939224
7.136790348763554
-6.0475574839903175
21.433300357313716
4.912714591192889
-1.3875384988240202
1.0053421527847686
-1.2358494324060794
9.268271299178236
137.24660324615618
3.528096836424606
11.387420490883816
5.4675987438084235
6.530250392865914
-1.1411809734036458
0.278893041683291
-1.7044259496715728
14.338370527467049
233.44481272322417
-192.58884479567791
128.85835383235974
-11.429221535223164
-26.431262152017826
39.47628949567674
-22.331537148422104
6.061927607574594
243.31939730373466
-189.82844177229356
134.6503065070114
13.568611143227862
-27.5551532290854
31.995883140512795
-29.22014787308105
-6.152918458123326
270.6995619316431
-31.88028904625456
-6.499304532729213
25.68412564360485
3.1270903994401538
3.3777660829049942
-6.12899999954258
1.4012953310628502
7.087899979867607
135.15376460042816
-7.372740425492512
10.034699934068751
1.4490115190888382
4.936428877448438
2.931372268211507
-5.029438643629639
5.3573751519674895
11.438695395336705
246.3660952209379
-261.46318446850825
149.83048780338862
-13.472983457377467
-12.811173743271059
40.705147881529406
-29.66494086081837
1.7679947330725092
237.05112848566665
-246.64616781260403
117.7237771774622
36.338435896288686
-27.2445958225653
41.087599388384206
-26.991404950214445
-0.31660146862709126
274.80894571796415
27.2234593242061
15.596904277926514
18.6273784219826
4.2307169144289425
-6.046737611783147
2.023967008537135
0.8451005494440298
5.006814605716798
134.95392737955132
11.420159296752423
17.620623345272815
-1.4695758573988815
6.117254924013161
0.4071285799755926
1.671278611954163
2.8703727811067887
13.355329230325683
224.19663641623015
-246.41904679171387
154.02282185321292
-14.878523263907429
-17.524392718419207
44.35141080874887
-33.16126322917805
-5.083856820803408
255.78331586454956
-225.6479524061453
144.40560657739954
18.774060066357748
-22.801098920329352
32.48435079247789
-26.785375069339107
1.0873449357856764
278.39832238978033
44.81592258924876
38.66824174083153
-24.938929050764326
-5.234628838704688
-9.652320987496752
0.008548546139121855
-12.858150361546134
-4.117517872106071
129.1253899957927
19.036615147358457
19.236029461625115
-14.898977467660826
-11.488629724389854
3.1588242710215475
9.054919671717789
-11.474634307856064
1.9055781061492956
203.12120127123848
-168.35112731550484
198.2243558031251
4.505217405474944
-22.582685927914497
26.866983727908053
-50.14856860094773
-0.05298670184545062
238.0995096150424
68.99582849261223
-144.56104087512145
-184.81503597611808
-27.279912956640718
-22.445449169818893
19.562130032273007
38.472920166102526
271.0576739660788
5.516594086656499
-4.627536810908066
53.88694209663535
5.181126174978335
-1.297113825495838
-0.23318179596688554
0.32485436762521375
12.403961699062508
131.65286274087012
4.595455063928742
12.729802707482259
13.148908238732208
7.844806262366917
-1.5695749071235445
-3.3277281155032012
0.021905703012933347
10.393331883250537
220.31583243123777
-221.11935149649935
170.090842994921
-12.532485031511243
-18.188443653932936
47.776592520775466
-29.095182713189804
8.519701873731282
236.61899787452435
-226.4612150726793
166.48443593779766
19.687290040981893
-17.256856260245186
36.86476837319337
-33.98500251656639
-2.3648439729615305
268.8888974354368
5.636395900571444
-43.73249916622131
-0.49241050873860637
7.713227882351334
-4.233946432595669
2.26314579329618
1.4341790027456407
8.552781910565075
136.88206263414108
2.6564452937086527
3.5029128117437973
-1.0598363833039883
4.225085789009218
-4.913985592078733
3.1669539317092354
2.3157769724917725
15.995415243113271
267.8929577412595
-213.21290391491544
107.02900873907258
-9.675834008312293
-28.66724281040435
28.446554117867016
-16.85183519663971
-4.268884616883796
249.59266793849906
-277.08970773813195
155.41452998880237
1.7451062805685709
-9.497613985814464
40.00996728512176
-35.037796890150254
-0.3500786124386135
269.0936736554527
13.851365864820083
-25.62083743329749
-9.453523091268996
3.0341355094368727
-2.8486829148796127
2.8621998821243175
0.4453399244364078
7.57576159535078
136.57191405275663
7.611521249595966
5.674625775061522
-4.430900850679014
4.032051221771828
-3.313726155671611
5.328129516674955
0.2179571552618544
13.814181398470769
243.87397799865371
-194.67648700341437
144.64807460012383
-7.288209744843925
-28.616287011836402
34.99334521830771
-23.902004934126573
-7.757591397502861
246.96973613303925
-240.93539524535177
149.44414492887284
-5.90659533024014
-20.18284929766886
33.81980992105743
-35.17854166203966
-1.620963355534831
272.0687593167154
-26.304810937063856
-0.40954342643486735
32.35244716530784
2.3757551423932375
6.759117664044148
-6.14480582164041
-1.5805980065615677
10.085971814390247
133.07986537980906
-12.272500040870806
13.563290798248147
11.513547169024381
7.102741353627631
3.9700945796544436
-0.9838298807237363
-5.112405827004689
14.562071164593199
244.39883605544173
-248.83794901394828
167.26827402325736
-5.769147357779356
-16.33426461823018
37.23227305128042
-37.01807802031982
10.265741930913826
220.23294376155263
-231.78329862882404
151.1326207635155
2.699972163215696
-18.69901280629192
48.51270949833017
-24.771339476807338
-6.432019611975342
276.72721176116187
34.4925250046647
41.33898209940736
41.063575763505185
6.433706162555089
-7.889640011539956
9.74783063095313
5.198926349867128
3.2693817390907745
128.31115104922975
9.664581117548163
24.231514318902814
8.073658053197741
7.955332181075458
-0.9340638958558961
8.732119865197728
-5.046491185794466
9.416523158340391
206.2392653268042
-201.89753563857644
143.25326094766413
-18.88280829558581
-23.893051892690583
45.195858407540165
-28.44868490784561
-4.859053931780512
236.497036519714
-233.48031418434417
176.48394412601908
5.774308355417686
-18.87035429298247
36.87168233046996
-34.68747169757357
-11.495237431648285
272.89271889856457
-31.238975912864966
2.1942988985194716
8.349374373061345
0.9561708540633053
5.888638512113728
-4.173731658463468
1.4766129295025416
3.395093834490951
136.24138466254396
-12.55156761748417
12.115999739824886
1.2989730845555179
6.735149638906236
3.533813100257185
-6.830129757054874
2.4018563597360187
11.134092267698115
256.3836166277306
-203.80574739922363
151.8452008184076
-1.086369774362879
-25.89798651653035
31.168743605653205
-25.53703282325276
6.614549296314246
251.76903076663933
-186.05300137451914
148.7758581567525
30.095885748712632
-32.10863244414573
34.986686573394834
-18.871487153143203
-0.39107699905706106
271.87071888983894
-30.36165237979271
-14.774946254180774
29.166719477627687
2.4640373491650145
-0.7296846495163447
-5.981458477320226
-2.3697596087874917
8.89977925904068
134.7421480767602
-10.335997504922382
8.556153790128528
7.47333796971596
6.389085006729103
0.8246806881580961
-2.8494483646850735
-1.6971704425856318
14.868786019459183
254.285958829744
-239.6842603017396
188.52349770288342
-9.547213473906424
-12.200169000353924
33.92912537785739
-27.783440707021818
8.581004423843577
213.76733524112197
-199.687705069997
141.72297619487136
3.6949129262990823
-23.550947191079544
41.16849093588199
-32.01415153956951
-1.342395074413215
270.746012689166
-12.028475019931374
-9.65455693895162
9.093995533996708
5.5225017177151
0.41571429695387085
0.945769057236051
0.7313199296096192
6.13109663916131
136.74274964032412
-3.780161985045552
11.830477549735406
2.9540631590502713
6.721631796815374
-0.8560735097528133
2.347173423627825
0.5253818875496604
13.529984000398876
239.6905840272782
-230.13680703605584
167.70422160000444
1.2411083882508862
-17.196787759439246
42.09703523397712
-28.727794032180885
-3.910524899899923
237.06811213292673
-233.136738083646
167.81243442982355
0.8148016867782246
-17.04097969844335
36.54901069886378
-35.06273589049399
-2.8847420670552957
271.21589820554334
9.444851525055505
-7.4262828162743615
30.926034103149547
6.499085403870859
-0.496486307147235
2.160744324255769
0.43951209350178
10.08718632053307
137.0158657002794
-1.3011403900443985
13.057161669950885
5.849326462165922
8.353640207517758
-0.36315103819808675
2.1320765940747557
1.353524679892981
14.604878085169132
245.34384394923788
-220.90646073513747
132.5361981051526
-12.687621742753976
-26.107539376888216
36.728622760383196
-27.28845497029955
-1.0687335287594006
246.29799157091827
-227.68786915603062
182.83530167941197
4.692645735477406
-16.076316133449314
45.75917965997154
-27.097012203715533
-1.372710006221653
276.08526431286265
15.003705922611653
20.211281148029727
-2.4338190112216003
6.941012040125051
-3.212402345925869
-1.2069519374546998
-0.2887220267985653
7.367686481495179
137.68501171643635
4.58996594562422
21.4957212275406
-0.04625497284451008
11.947045471371768
-0.4168943222514236
-1.9405893678276571
-0.15460768591459148
17.125788034488416
232.53203686350435
-212.8326648878737
166.52540244823945
-5.078481284987177
-20.87167179720345
40.97375856347689
-32.007775791242274
4.444474215132956
235.32435501680223
-221.04694849717598
188.00102677989196
-0.03911771344526471
-16.711981704457834
43.232167177554295
-32.56781336064862
1.4997948324227321
272.81714354821696
-15.287869721518131
1.2182073449889128
-7.846620043704073
5.476717178068993
1.366886924465518
-1.9702538177445148
-4.089449783819402
7.398233378490374
137.4027276764605
-6.422954957790516
11.924967358859062
3.2769564096928026
8.405953432762827
-0.5912283801402352
-3.4081932987129595
-8.31894420234667
14.32135703333957
253.5751149693209
-234.8663944394288
167.13274009302006
19.244562454293796
-19.257400417451713
35.323381840730406
-26.58239797834172
6.928912291325977
223.37388147831814
-225.2655099668037
147.54664371087947
-2.8071677408084525
-21.87105244519049
45.82959648932934
-28.591032738534548
-7.499049095766053
270.4427991165129
0.03811187329441983
-11.145129688880525
-6.833082183692061
4.671405135495166
0.9400148315232741
-3.8384929670037438
1.2440889031011595
9.548406975191376
138.22483260043944
-1.6942630269060217
9.995170262351433
-0.09685527971713959
5.797462224109452
-0.43151678583968783
-5.889668546871103
1.277773764106878
16.033891672021376
232.62525522559577
-221.27685993333313
124.5306322270862
7.397186235072823
-24.24024138854925
41.313994034591886
-28.219166743408103
4.365433813174739
241.58510899297843
-230.1488625064028
152.07143387180045
-2.9588609760240026
-19.101238517753504
38.99267346773157
-29.457368141999524
5.95966344306057
271.79744859983
57.600123391052996
-18.745654435458274
-22.748483909668966
-0.8640312720301301
-3.4025350062337663
-9.869890108346317
-0.5526458489049393
8.17360367742927
132.8389313954644
17.81531096429295
8.554363084741105
-1.0306339597305643
3.781308486235572
-4.6374145320397
-5.542720061473107
-4.46499276852392
15.79043010226194
219.2997671574792
-206.5521049957593
84.48859513186447
9.749769256806843
-31.981351299232102
38.67402998168719
-22.772838620153554
8.008800522858262
263.62883912333024
-283.40023267696273
170.2785235377541
-12.522362715629008
-3.1833673328374834
33.15054670502987
-30.291892977607485
3.805759344787096
271.9033655109045
19.431779865475466
13.358554240550268
-3.8504939183146876
5.860920166084462
-1.0103102062362512
1.924494804702634
-2.718489386185309
5.125512185020981
135.55962160911622
7.223127448756867
17.460310759025216
2.5796576543317107
8.740514586228983
3.0936474598044597
3.001164783586502
-5.288605491870179
12.522325043365917
215.2690925176688
-228.48660092589282
161.6478973180079
5.97080861933901
-17.065338474345303
45.00284598866403
-36.668421679832655
3.7179151655033955
245.27051744089405
-210.06128254271755
162.88447642219535
-16.50086476972111
-22.043788767989167
36.90051841748868
-25.154637641547332
-5.528361344789419
271.23474601829105
-8.324455662753625
-26.105099521301156
-1.8278610058902451
6.390800137514355
-0.8814466538854326
-0.6898623440595429
-0.819429365627066
9.94365314465141
138.36384849801124
-0.7183137823980374
7.644852192122587
-4.20107522433528
5.4401175032754265
-1.220473103292768
-1.2455696329716297
0.22082055080186347
17.28394072347789
247.41711478541615
-237.991112080641
149.02855495992958
-4.993667462160978
-18.937032675337854
45.02503596395079
-23.463927731616213
-1.9311753031298657
255.75609472169373
-233.9390194720229
136.7011542803405
18.26372587500866
-25.751586074264278
29.690217798779894
-32.05941464243219
-2.9314769798471403
269.82844311607704
-27.00721015620487
1.3898033817990627
-3.733735613138794
-2.8167513870943286
4.625726282573909
1.754662531918187
-6.731569101935944
0.6526717844586243
137.64440866436854
4.456756489226283
-0.6832853699851157
-4.891371819358774
-1.994553435178696
6.286387742863106
3.1321956554925285
-12.977475719031485
2.446955159279703
250.71882725237577
-230.00787570947134
170.45425936245556
16.322153196326347
-18.464925344470185
35.67982106539551
-31.20916184281716
4.062181894788463
235.9936858054529
-4.988842642850641
-162.35305989434625
-201.17769670285688
-26.881829021449164
-7.687772473693774
29.04312694129656
37.68211388856438
277.9165616223996
14.50878620988433
52.451990439058605
35.216852763135535
12.637129651430843
-5.940987453816959
0.8894930959280326
8.947192086882387
6.4255393844125805
128.90244067956576
4.987793818029431
27.875521786017995
5.256251836611144
9.935918119165947
-0.497501489752245
-2.1944156950423843
-0.015517108014249052
15.968155148085486
194.36267204076248
-191.79533812444643
156.23016937165295
-9.433253328664335
-20.179720884854152
42.8459416487096
-35.30642362980238
1.91855907279799
226.90407603993415
-209.44987650912717
186.0544971883057
10.02766427300218
-18.743671253494263
45.069621951368156
-33.31901651574798
2.0855846640770044
271.8727502455349
-2.9807287359546906
1.5655079146149025
5.558596362370724
4.799499940871656
-2.313871134137652
4.589826058786798
-0.8465907968788603
6.153220208335123
136.90916885793342
-1.9771255038255353
14.584522317848961
4.385095289607832
6.532374247503127
-3.792770747785113
8.420362951106407
-2.810048461631779
12.816038675580565
244.64512893235414
-212.66485738698435
139.04982960380806
-2.89828321374074
-23.888704629194162
35.527969434192265
-23.329842093452594
-4.318784055708816
230.78272002324545
-252.02561071481054
164.56748805528318
-7.197969579999977
-16.1469487786693
43.33373056156966
-35.295307963383344
-9.122538248153734
272.10918471301943
-30.796660326175708
-5.203426443661613
38.79445652967511
4.676828653276439
2.2669509174122773
-4.3682045474487
0.28264402805048044
8.492130385578037
133.54055722007303
-7.937475868035223
12.398400209529784
12.24575654990559
7.3065840636992405
-2.3597699649260324
2.7960919857061746
-1.5120427170983612
11.627694125224041
242.58619720279145
-215.3313311418353
189.1729744264711
-15.595959553120657
-19.661455174302368
44.65613222779882
-25.70812453172701
4.730707028974821
248.85373215319967
-221.67115480347346
138.89008061927254
7.899634170234414
-27.261595224552217
30.052694065614446
-29.349566767309444
-9.240229152417221
278.1341271721441
2.693060005462139
77.76612555327016
32.29450903688344
18.04470818372161
-3.3067753086487026
1.1115388507053827
11.313415453948894
-0.7588997033872897
122.48805715848141
0.9989744012033747
29.431163468574834
12.387944921089549
7.588534322073565
0.5643464953982372
0.2681104352312425
-4.620237734665687
12.280076805536858
227.6185065032567
-140.77071046454702
136.58476170813358
-5.46194257343776
-33.863673855594485
21.392400370965202
-28.50095133683339
9.68400559671198
219.24029303557745
-169.64587739992305
133.08660031612698
-0.87301077101597
-29.67924255414762
37.67349545792728
-23.949880502831583
-10.101671400375935
271.56446702086396
-14.285468167512661
20.565080101136736
-16.548423503888568
5.125890614133857
0.11288086498529674
0.592911871387357
-1.0618842809051552
5.913888031834773
134.06063513898056
-5.053339268721974
17.629344701622582
-3.9719383496960687
6.430528459117
-0.9602159965568281
-0.15993523396952997
1.2594522088526423
13.03349363016758
254.34075980658213
-215.22420063302573
154.57471324987628
12.686902854617431
-20.76504921752351
31.053943081809162
-25.299787158451153
-4.41548072731275
214.16566863475595
-212.96698416580395
147.2039596584991
-8.420652146280588
-20.18894815605322
43.59796833174725
-35.47636518606601
4.2677798349098905
280.74608256069723
38.258792266865875
-71.59786739388501
70.9087673409391
7.172339628872141
17.896390477448502
10.252108946027255
-23.380107197492435
9.429517246194129
116.6659800701163
10.813850689089332
-18.102365276394483
26.33788420028005
-4.192903081449606
8.958688600609877
-3.7875757838078563
8.121007969211545
2.9567583177770667
265.6541198644434
-153.84320195701872
259.98515358355763
-35.703458721044306
-13.470826054837396
25.19126808086565
-29.773116099463778
9.784615601051913
206.72618667794677
99.63868605998653
-112.51400715761405
123.11369751192518
-36.242809191710634
-12.92037671837223
29.895477619366808
-25.421117850604684
271.3216392180968
32.67890620213692
-2.51370918018041
-22.701814401374115
3.1877255236083424
-5.677966917497695
-5.02584919476596
0.8150083231322408
9.131440934633625
134.3017116409192
10.899435805881145
14.307277317785145
-4.89758349177444
6.908403111674257
-3.5240646337524124
-2.525934570315972
1.3386930460990236
16.158902934964818
212.4873817463247
-215.20165176481416
138.3578130734332
11.83641500150813
-21.07489625369287
42.943355330125435
-31.938726170195256
-2.3919377685897985
232.84907149518457
-248.87640372225593
172.5848038546109
-6.417929674960341
-12.881287098854783
42.319534169577224
-36.58690219432891
5.717575291008211
270.20665050873913
-36.3419510734931
-32.764364716959356
11.11085107503298
4.607308299461511
1.4883831678301693
-2.7462669348981463
-1.2329937516175644
8.150230277704335
135.23440754952355
-12.421647194266729
6.404918716364769
-2.5643855584916206
5.697317253897191
3.031567684623895
-2.4385043163505866
2.399825224838502
16.094141364602784
250.80478090736136
-267.43885111865944
179.44771695910475
-8.419189663773835
-6.812080228335409
39.90046496622686
-31.79314550684114
-0.6259837445449694
232.76062014024097
-258.68373096484186
147.14855316570885
13.526303456575977
-15.8628544913655
43.89268122453185
-32.12452700356355
4.81329766012778
275.61725609799976
-4.91777877648416
44.27975409485011
-26.62882887773375
-0.6798507972538326
2.499381946267255
2.983245800533587
-13.167762085002005
-4.604500676520366
132.81493468970427
12.382028417695931
13.20117374608734
-13.01566454074172
-8.23349964936748
7.658890549311156
5.222004175989053
-12.150335054549668
-3.6405972839732677
226.84827746562476
-84.47900442530671
211.5875220918675
9.11482932037405
-29.602471447384964
22.465090716559665
-36.14699721283886
0.6397311221197324
236.01002729284554
149.28682658909972
-185.50838553429963
-185.12637022039144
-16.949396702242378
-20.75301142359931
28.311207159953202
41.99548058904093
273.5766070390764
-0.638361029581904
-6.38802486967785
-32.12450273788529
4.377849021494749
-0.08825378617686698
0.8616427528522739
0.8878592389903971
8.638739763576753
136.4363157629661
-1.507085131135299
11.046919673967748
-6.165508144767048
9.277554214015087
-1.6850615504998148
1.4785032441165094
0.749867361350364
13.928277792925677
240.5927727606774
-205.74736996656029
171.7672757069723
3.9349894566580517
-22.19169169287701
38.25866756946449
-26.63097413634007
-1.1619181945326595
238.58234558966075
-231.82966178027127
195.69031515322578
-17.284665100893648
-14.300359039958877
41.78019752546496
-29.602583914740077
1.987459468867609
273.41254404206785
-27.84537094813078
7.712888883588725
-5.7554176977250915
-3.332464757109962
-1.8913718775847157
-1.2266566178180698
6.013975386508006
-5.490488856270641
135.526394213056
-13.96660933107235
7.632112441604862
7.594050955586764
-2.4899088666416542
-11.228643923347724
-1.0820897840179213
9.54608198779355
-4.106357951700153
231.59731425985203
58.55546167336173
-172.68154022671507
-208.32792983602442
-22.938459181432037
-6.054509497836978
25.699577595048254
45.75506244608066
242.3459779325281
-209.8592754651521
135.58155330282221
-17.838309112513244
-26.748868411687425
30.678842391417138
-29.753370339186215
5.195665334472817
274.24616158986123
46.77589606165982
-5.964643287740915
56.629859912049156
-1.8227170841345475
-8.005548111821481
9.529338547151944
2.9433903641497623
13.764841893298264
129.8050946356898
17.046911477126507
11.304828287061293
13.32119766509972
5.174317828043429
-5.062893760143709
-3.8485821092785857
2.617039336510283
13.668573348440171
231.5947599073961
-163.8065411620315
107.08563860543123
-23.49279776098856
-33.56505564249649
31.123934747579902
-17.103768460304654
12.917239636503734
260.7393923217713
-262.35324346236246
185.68605024841062
29.230620947859546
-6.139389438932813
31.956671762915562
-34.2177212705119
-1.987160427186184
