-7520.138752
-7520.153931
-7520.168318
-7520.181848
-7520.194517
-7520.206447
-7520.217502
-7520.22767
-7520.236866
-7520.245214
-7520.25273
-7520.259305
-7520.264901
-7520.269447
-7520.273079
-7520.275719
-7520.27731
-7520.277769
-7520.277113
-7520.275467
-7520.276838
-7520.280854
-7520.283772
-7520.285937
-7520.286941
-7520.28622
-7520.284223
-7520.28148
-7520.278101
-7520.273334
-7520.267003
-7520.259715
-7520.251808
-7520.243132
-7520.233085
-7520.221688
-7520.209401
-7520.196549
-7520.182858
-7520.167856
-7520.169322
-7520.186554
-7520.201805
-7520.215115
-7520.226503
-7520.235907
-7520.243375
-7520.249077
-7520.253051
-7520.255351
-7520.255915
-7520.25486
-7520.252309
-7520.248299
-7520.242862
-7520.235951
-7520.227709
-7520.218167
-7520.207414
-7520.195406
-7520.191173
-7520.194842
-7520.197476
-7520.199529
-7520.201222
-7520.202202
-7520.202121
-7520.201189
-7520.199823
-7520.198
-7520.1953
-7520.191601
-7520.187167
-7520.182336
-7520.1768
-7520.170272
-7520.162769
-7520.154579
-7520.145855
-7520.136167
-7519.390051
-7519.399716
-7519.407676
-7519.414056
-7519.418771
-7519.421884
-7519.423664
-7519.424371
-7519.424023
-7519.42249
-7519.419891
-7519.4165
-7519.412462
-7519.407698
-7519.402142
-7519.395969
-7519.389423
-7519.382539
-7519.375138
-7519.367259
-7519.38182
-7519.415609
-7519.445234
-7519.470844
-7519.492644
-7519.511287
-7519.527125
-7519.540343
-7519.550899
-7519.559121
-7519.565487
-7519.570241
-7519.573299
-7519.574555
-7519.574375
-7519.573092
-7519.570834
-7519.567352
-7519.562601
-7519.556958
-7519.557121
-7519.563363
-7519.569218
-7519.574486
-7519.579213
-7519.583594
-7519.587517
-7519.590877
-7519.593459
-7519.595504
-7519.597078
-7519.598042
-7519.59819
-7519.597408
-7519.595984
-7519.593855
-7519.590891
-7519.586794
-7519.581642
-7519.575569
-7519.572523
-7519.572864
-7519.572421
-7519.571158
-7519.569233
-7519.566679
-7519.563268
-7519.558752
-7519.553125
-7519.546538
-7519.538949
-7519.530063
-7519.519662
-7519.507747
-7519.494331
-7519.479211
-7519.462035
-7519.442689
-7519.421179
-7519.397374
-7519.466617
-7519.489576
-7519.511059
-7519.530588
-7519.548033
-7519.5639
-7519.578239
-7519.590597
-7519.600588
-7519.608348
-7519.614067
-7519.617648
-7519.618687
-7519.617043
-7519.612716
-7519.605587
-7519.595431
-7519.581905
-7519.56504
-7519.54464
-7519.535192
-7519.538696
-7519.541193
-7519.542689
-7519.543205
-7519.542769
-7519.541314
-7519.538911
-7519.535517
-7519.531227
-7519.526009
-7519.519783
-7519.512569
-7519.504309
-7519.49506
-7519.484772
-7519.473432
-7519.461009
-7519.447502
-7519.432909
-7519.434046
-7519.449736
-7519.462849
-7519.473294
-7519.480989
-7519.486332
-7519.489594
-7519.490829
-7519.489801
-7519.486557
-7519.48149
-7519.474815
-7519.466374
-7519.455952
-7519.443774
-7519.430056
-7519.414976
-7519.398286
-7519.379887
-7519.360047
-7519.365179
-7519.393909
-7519.419692
-7519.442651
-7519.462944
-7519.480578
-7519.495445
-7519.507716
-7519.517484
-7519.524876
-7519.529743
-7519.532101
-7519.532056
-7519.52964
-7519.524849
-7519.517492
-7519.507695
-7519.495524
-7519.481033
-7519.464131
-7519.251785
-7519.263722
-7519.27556
-7519.287143
-7519.298561
-7519.309867
-7519.321006
-7519.331847
-7519.342328
-7519.352503
-7519.362357
-7519.371748
-7519.380515
-7519.388677
-7519.3963
-7519.403344
-7519.409588
-7519.414854
-7519.419133
-7519.422475
-7519.435501
-7519.457333
-7519.47727
-7519.495379
-7519.511568
-7519.526113
-7519.539143
-7519.550959
-7519.561353
-7519.570349
-7519.578112
-7519.584817
-7519.590581
-7519.595257
-7519.59884
-7519.601441
-7519.60331
-7519.604413
-7519.604634
-7519.604027
-7519.603798
-7519.603601
-7519.602073
-7519.599207
-7519.595167
-7519.590165
-7519.58427
-7519.57738
-7519.56956
-7519.560979
-7519.551871
-7519.542133
-7519.531637
-7519.520492
-7519.508898
-7519.496978
-7519.484647
-7519.471831
-7519.458568
-7519.445007
-7519.438524
-7519.438602
-7519.437927
-7519.436513
-7519.434269
-7519.430989
-7519.426639
-7519.421413
-7519.415266
-7519.40802
-7519.399467
-7519.389686
-7519.378704
-7519.366418
-7519.352617
-7519.337109
-7519.319999
-7519.301284
-7519.280711
-7519.258017
-7520.022915
-7520.044863
-7520.064965
-7520.083027
-7520.098931
-7520.11266
-7520.124059
-7520.132889
-7520.138875
-7520.142029
-7520.142251
-7520.13936
-7520.133093
-7520.123159
-7520.109535
-7520.091962
-7520.070199
-7520.043894
-7520.012942
-7519.977218
-7519.963538
-7519.974369
-7519.983413
-7519.990495
-7519.995957
-7519.999776
-7520.001986
-7520.002503
-7520.001179
-7519.998197
-7519.993268
-7519.986345
-7519.977335
-7519.966129
-7519.952918
-7519.937315
-7519.919125
-7519.898133
-7519.874175
-7519.847188
-7519.848086
-7519.876702
-7519.902071
-7519.924298
-7519.943482
-7519.959763
-7519.973533
-7519.985027
-7519.994262
-7520.001329
-7520.006386
-7520.009747
-7520.011472
-7520.011555
-7520.010103
-7520.007363
-7520.003583
-7519.998691
-7519.992617
-7519.985449
-7519.999872
-7520.033263
-7520.062566
-7520.088052
-7520.109643
-7520.127786
-7520.142312
-7520.153412
-7520.161161
-7520.165617
-7520.167105
-7520.16538
-7520.16029
-7520.151845
-7520.139983
-7520.124879
-7520.106298
-7520.084036
-7520.057908
-7520.027865
