              -4421.2194745222
         -0.000178602      -0.000022301       0.000006672
         -0.000022301      -0.000163803      -0.000018816
          0.000006673      -0.000018816      -0.000156751
         384
  1     8      -0.079960340      -0.054517829      -0.117773942  O.vdw.1
  2     1       0.067665183       0.068967263       0.128519955  H.vdw.2
  2     1       0.014492445      -0.014626740      -0.002638125  H.vdw.2
  1     8       0.088874795       0.000801720      -0.051126173  O.vdw.1
  2     1      -0.064368529      -0.082474031       0.045195226  H.vdw.2
  2     1      -0.024107638       0.086876466       0.003979386  H.vdw.2
  1     8       0.043710483       0.018632309      -0.009219696  O.vdw.1
  2     1      -0.028691413      -0.029419063      -0.035495982  H.vdw.2
  2     1      -0.020315702       0.009038641       0.029042474  H.vdw.2
  1     8       0.035059868       0.026782683       0.025222168  O.vdw.1
  2     1      -0.060501011      -0.032433914      -0.030582776  H.vdw.2
  2     1       0.030801997      -0.001465371       0.001383487  H.vdw.2
  1     8       0.076188384      -0.085704173      -0.041281914  O.vdw.1
  2     1      -0.008302969       0.007753392      -0.002742895  H.vdw.2
  2     1      -0.075029323       0.070760226       0.038601885  H.vdw.2
  1     8       0.045567520       0.035282203       0.043355088  O.vdw.1
  2     1      -0.025182715      -0.023640889      -0.029051054  H.vdw.2
  2     1      -0.016993941      -0.017725388      -0.015262018  H.vdw.2
  1     8       0.034124760       0.024695782      -0.030329937  O.vdw.1
  2     1      -0.013705674      -0.019186485       0.016973385  H.vdw.2
  2     1      -0.029628325       0.004701989       0.006905300  H.vdw.2
  1     8       0.054039993      -0.017847998      -0.010358074  O.vdw.1
  2     1      -0.021492452       0.002675534       0.018269186  H.vdw.2
  2     1      -0.028142775       0.021376576       0.007020540  H.vdw.2
  1     8      -0.028300750       0.039844663      -0.050810669  O.vdw.1
  2     1       0.042048831      -0.031613354      -0.001915321  H.vdw.2
  2     1      -0.006025459      -0.009879807       0.045512191  H.vdw.2
  1     8      -0.086968764       0.009538215      -0.089190174  O.vdw.1
  2     1       0.021258914       0.032122309       0.085291922  H.vdw.2
  2     1       0.071795017      -0.053988171       0.005967319  H.vdw.2
  1     8       0.019914330       0.097296684       0.013419267  O.vdw.1
  2     1      -0.023652156      -0.095518790      -0.027286330  H.vdw.2
  2     1       0.004908839       0.004665049       0.011303771  H.vdw.2
  1     8       0.012560968       0.036501848      -0.006581948  O.vdw.1
  2     1      -0.004601344      -0.025237292      -0.003261029  H.vdw.2
  2     1      -0.013403841      -0.013659575       0.012917420  H.vdw.2
  1     8      -0.037818043      -0.061852505      -0.016099780  O.vdw.1
  2     1       0.004399424       0.086659885       0.000019495  H.vdw.2
  2     1       0.043329933      -0.030328603       0.020841014  H.vdw.2
  1     8       0.058333588       0.038338917      -0.114074735  O.vdw.1
  2     1      -0.001809256      -0.009335205      -0.013425984  H.vdw.2
  2     1      -0.057926683      -0.032699837       0.129760646  H.vdw.2
  1     8      -0.001853710       0.052675715      -0.002748594  O.vdw.1
  2     1       0.004626169      -0.034953282       0.004401906  H.vdw.2
  2     1      -0.004502012      -0.021400495       0.010847338  H.vdw.2
  1     8       0.033322216      -0.014009774       0.002869448  O.vdw.1
  2     1      -0.017242944       0.007934272       0.008100693  H.vdw.2
  2     1       0.000294026       0.001892082      -0.003652781  H.vdw.2
  1     8       0.032299496      -0.039443523      -0.020703351  O.vdw.1
  2     1      -0.030227930      -0.005509418       0.016267237  H.vdw.2
  2     1      -0.009004600       0.046301185      -0.003418994  H.vdw.2
  1     8      -0.101437402       0.108299489      -0.006304383  O.vdw.1
  2     1      -0.010234738       0.003074030      -0.004142049  H.vdw.2
  2     1       0.095753705      -0.110721018       0.020938873  H.vdw.2
  1     8       0.108844426       0.029375518      -0.015175069  O.vdw.1
  2     1      -0.094710561      -0.046812098       0.019642340  H.vdw.2
  2     1      -0.003233444       0.004079945      -0.004736328  H.vdw.2
  1     8       0.055195405      -0.001664863       0.025574792  O.vdw.1
  2     1      -0.069235390       0.000666144      -0.015614595  H.vdw.2
  2     1       0.014098658       0.001334850      -0.012225799  H.vdw.2
  1     8      -0.006133490       0.001904575      -0.016327192  O.vdw.1
  2     1      -0.006554459      -0.009320232       0.005585209  H.vdw.2
  2     1      -0.000107002      -0.011717081       0.022517916  H.vdw.2
  1     8       0.080082288      -0.021542320      -0.021425561  O.vdw.1
  2     1       0.011281647       0.033872240      -0.011547253  H.vdw.2
  2     1      -0.093062366       0.000075556       0.016900696  H.vdw.2
  1     8       0.028358028       0.004265241      -0.042149241  O.vdw.1
  2     1      -0.016467379      -0.003876358      -0.013415301  H.vdw.2
  2     1      -0.010746822       0.011294374       0.045214973  H.vdw.2
  1     8       0.075940963       0.035335143      -0.002275775  O.vdw.1
  2     1      -0.002094618      -0.073040281      -0.016294356  H.vdw.2
  2     1      -0.076321838       0.036461536       0.031006039  H.vdw.2
  1     8      -0.055757431      -0.034433864      -0.004290627  O.vdw.1
  2     1       0.008244267      -0.002840824      -0.003509122  H.vdw.2
  2     1       0.043107838       0.028843974      -0.005319638  H.vdw.2
  1     8      -0.010895470      -0.083302480      -0.052111938  O.vdw.1
  2     1       0.037105478      -0.037344733       0.032858330  H.vdw.2
  2     1      -0.030026632       0.118536024      -0.004948396  H.vdw.2
  1     8      -0.024094132      -0.021649354      -0.006780158  O.vdw.1
  2     1      -0.000678312       0.006927979      -0.019638233  H.vdw.2
  2     1       0.028834778       0.031120549       0.009181306  H.vdw.2
  1     8       0.009320850       0.056451444       0.013633605  O.vdw.1
  2     1      -0.011644507      -0.013869527       0.016088201  H.vdw.2
  2     1      -0.003198822      -0.053021851      -0.021629868  H.vdw.2
  1     8       0.018231978       0.066239717       0.003604998  O.vdw.1
  2     1       0.020759162      -0.019145800      -0.008368809  H.vdw.2
  2     1      -0.030588710      -0.033038832       0.014080421  H.vdw.2
  1     8      -0.071980531       0.051806606       0.039340413  O.vdw.1
  2     1       0.066605576      -0.066957155      -0.016239979  H.vdw.2
  2     1      -0.011726787       0.013587602      -0.002916218  H.vdw.2
  1     8      -0.014740621       0.031307031       0.037547611  O.vdw.1
  2     1      -0.002255773      -0.015558875      -0.014679056  H.vdw.2
  2     1      -0.001603450      -0.027242128      -0.020551743  H.vdw.2
  1     8      -0.026179878       0.023255678      -0.029251553  O.vdw.1
  2     1       0.025978745      -0.000207544       0.032454120  H.vdw.2
  2     1       0.000226077      -0.034597585       0.001357084  H.vdw.2
  1     8       0.042039124      -0.036953713      -0.020141383  O.vdw.1
  2     1      -0.025094170       0.038593019       0.011008754  H.vdw.2
  2     1      -0.007126925      -0.004925804       0.008120571  H.vdw.2
  1     8      -0.031887803      -0.012760081       0.003214016  O.vdw.1
  2     1       0.041621598       0.004916996      -0.013506861  H.vdw.2
  2     1      -0.001982768       0.008649001       0.006971153  H.vdw.2
  1     8       0.005348015      -0.021425093       0.011506665  O.vdw.1
  2     1       0.021142707       0.010528460       0.003759124  H.vdw.2
  2     1      -0.035464588       0.021013803      -0.018413843  H.vdw.2
  1     8      -0.037100480      -0.044703029      -0.042362853  O.vdw.1
  2     1       0.061064849       0.037509829       0.063205306  H.vdw.2
  2     1      -0.037872561       0.006311427      -0.000430106  H.vdw.2
  1     8       0.064117204      -0.002668459      -0.014868721  O.vdw.1
  2     1      -0.029958297      -0.012068279       0.013922995  H.vdw.2
  2     1      -0.026831576       0.007306539       0.003326434  H.vdw.2
  1     8      -0.026980250      -0.065229442      -0.031292751  O.vdw.1
  2     1       0.015092136       0.010299441       0.008705177  H.vdw.2
  2     1       0.011224822       0.051845987       0.033571188  H.vdw.2
  1     8       0.020152601       0.033298296       0.004907162  O.vdw.1
  2     1      -0.009181807      -0.017281553      -0.002110405  H.vdw.2
  2     1      -0.008537218      -0.012299589      -0.019266534  H.vdw.2
  1     8       0.050262884       0.012462850      -0.010389753  O.vdw.1
  2     1      -0.061126373      -0.009629351       0.025165721  H.vdw.2
  2     1      -0.004138579       0.013293239       0.008140121  H.vdw.2
  1     8       0.093010719      -0.030537561      -0.000917644  O.vdw.1
  2     1      -0.074266574       0.026571504       0.024034140  H.vdw.2
  2     1      -0.016453140       0.003801504      -0.026512463  H.vdw.2
  1     8      -0.039516726      -0.004990405      -0.060091438  O.vdw.1
  2     1       0.043980573       0.036917319       0.015534995  H.vdw.2
  2     1      -0.018467541      -0.052324888       0.023429704  H.vdw.2
  1     8      -0.044619405       0.033225821      -0.057756229  O.vdw.1
  2     1       0.045856484      -0.010128567       0.027043096  H.vdw.2
  2     1      -0.015777202      -0.021299218       0.030604765  H.vdw.2
  1     8      -0.034462533      -0.075442370      -0.000745302  O.vdw.1
  2     1       0.042321587       0.023303271      -0.035198284  H.vdw.2
  2     1      -0.017320442       0.052094740       0.046943337  H.vdw.2
  1     8       0.058186337       0.008488863       0.022848843  O.vdw.1
  2     1      -0.077542223      -0.011354141       0.022693897  H.vdw.2
  2     1       0.024893984       0.002699463      -0.034726368  H.vdw.2
  1     8       0.015138199      -0.088261081       0.026931078  O.vdw.1
  2     1      -0.001235711       0.005024812      -0.004138650  H.vdw.2
  2     1      -0.015230194       0.068635301      -0.020655368  H.vdw.2
  1     8       0.151553439      -0.002182269      -0.006736416  O.vdw.1
  2     1      -0.127704503      -0.027406907       0.017529016  H.vdw.2
  2     1      -0.025121855       0.035549723      -0.003239390  H.vdw.2
  1     8       0.070349252      -0.039190747       0.073659970  O.vdw.1
  2     1      -0.051981928       0.016294295      -0.050044965  H.vdw.2
  2     1      -0.047418064       0.026707562      -0.010515975  H.vdw.2
  1     8       0.015806987       0.000480403       0.022175678  O.vdw.1
  2     1       0.012389428       0.008221607      -0.001476695  H.vdw.2
  2     1      -0.022328028      -0.015401789      -0.038170642  H.vdw.2
  1     8      -0.078855793      -0.017904118       0.059697839  O.vdw.1
  2     1       0.016324331       0.005551357      -0.007468207  H.vdw.2
  2     1       0.052846262       0.017294400      -0.053688439  H.vdw.2
  1     8       0.029027424       0.043388487      -0.021669215  O.vdw.1
  2     1      -0.005060361      -0.011554769       0.017446274  H.vdw.2
  2     1      -0.024500476      -0.013719753      -0.011937209  H.vdw.2
  1     8       0.029295823       0.048947701       0.048421321  O.vdw.1
  2     1      -0.021418712      -0.007920037      -0.038599487  H.vdw.2
  2     1      -0.013095178      -0.044448301      -0.019313271  H.vdw.2
  1     8      -0.048006817      -0.096038802       0.049471634  O.vdw.1
  2     1      -0.009852799       0.030254942      -0.003271811  H.vdw.2
  2     1       0.052238839       0.053640113      -0.028057281  H.vdw.2
  1     8      -0.029381181      -0.175799479      -0.076050785  O.vdw.1
  2     1      -0.063723782       0.069205926      -0.036894877  H.vdw.2
  2     1       0.093107170       0.110621903       0.113590201  H.vdw.2
  1     8      -0.054942309      -0.020340774      -0.029444342  O.vdw.1
  2     1       0.072272249      -0.010586394       0.000485260  H.vdw.2
  2     1      -0.013536512       0.032037151       0.019488315  H.vdw.2
  1     8      -0.024819820      -0.008269747      -0.038079376  O.vdw.1
  2     1      -0.007549631      -0.014469107      -0.013393884  H.vdw.2
  2     1       0.034473236       0.008157958       0.036597222  H.vdw.2
  1     8       0.044557224       0.007236635       0.000135814  O.vdw.1
  2     1      -0.014465246      -0.009299560       0.011524437  H.vdw.2
  2     1      -0.007658474       0.009817374      -0.011320609  H.vdw.2
  1     8      -0.005740528       0.004466437      -0.001892293  O.vdw.1
  2     1       0.032220739      -0.009751176       0.016035755  H.vdw.2
  2     1      -0.014800177       0.010581785      -0.010832441  H.vdw.2
  1     8       0.020908750       0.012396940       0.099336569  O.vdw.1
  2     1       0.001491749      -0.008416643      -0.070441453  H.vdw.2
  2     1      -0.030460923      -0.005740168      -0.011223457  H.vdw.2
  1     8      -0.002434277       0.007699642       0.002859264  O.vdw.1
  2     1       0.006234658      -0.006104652      -0.000227873  H.vdw.2
  2     1      -0.006272780      -0.014899394       0.007232760  H.vdw.2
  1     8      -0.036837891      -0.000856001      -0.019973791  O.vdw.1
  2     1       0.025634709      -0.012023742       0.019064229  H.vdw.2
  2     1       0.003065237       0.019765982      -0.016386585  H.vdw.2
  1     8      -0.042267881       0.028071238      -0.035517577  O.vdw.1
  2     1       0.013333366      -0.000672160      -0.011397231  H.vdw.2
  2     1       0.030157014      -0.026040117       0.042224155  H.vdw.2
  1     8      -0.033058317       0.041603638       0.010110031  O.vdw.1
  2     1       0.018092729      -0.020488248       0.015003970  H.vdw.2
  2     1       0.016947855      -0.014795349      -0.037556000  H.vdw.2
  1     8       0.012463533      -0.019843941       0.066440497  O.vdw.1
  2     1      -0.005140869       0.007797782      -0.068822608  H.vdw.2
  2     1      -0.016557288       0.011108399      -0.011496544  H.vdw.2
  1     8      -0.000649949       0.000681400      -0.021812679  O.vdw.1
  2     1      -0.004605058       0.009538949       0.003960773  H.vdw.2
  2     1       0.002403279      -0.005737187       0.014387343  H.vdw.2
  1     8       0.015426743      -0.031410693      -0.036007479  O.vdw.1
  2     1       0.005077463       0.006836256       0.005433964  H.vdw.2
  2     1      -0.012688953       0.044642386       0.047408718  H.vdw.2
  1     8      -0.021025520      -0.026053128       0.002518986  O.vdw.1
  2     1      -0.013093628      -0.012651520      -0.000072232  H.vdw.2
  2     1       0.031119660       0.030158557       0.011479133  H.vdw.2
  1     8      -0.058390627      -0.081246220       0.087084112  O.vdw.1
  2     1       0.000590301       0.061728199       0.006923019  H.vdw.2
  2     1       0.052701012       0.020061478      -0.091664556  H.vdw.2
  1     8      -0.003070715       0.029426411      -0.028767061  O.vdw.1
  2     1       0.001235267       0.005886854       0.009042127  H.vdw.2
  2     1       0.010697022      -0.021943763       0.017678174  H.vdw.2
  1     8      -0.005722185      -0.012650931       0.028924500  O.vdw.1
  2     1       0.009453657       0.018606838      -0.027602278  H.vdw.2
  2     1       0.000674150       0.006958310       0.003289881  H.vdw.2
  1     8       0.037579297      -0.040794941       0.029948196  O.vdw.1
  2     1      -0.032922285      -0.005389542      -0.050883120  H.vdw.2
  2     1       0.002269169       0.062990932       0.007478808  H.vdw.2
  1     8       0.034989558      -0.005493388      -0.069049926  O.vdw.1
  2     1      -0.013840425       0.043032413       0.039602350  H.vdw.2
  2     1      -0.013691342      -0.027700137       0.016585255  H.vdw.2
  1     8      -0.016256018       0.014822026      -0.017249132  O.vdw.1
  2     1       0.014165018       0.010210161       0.009353553  H.vdw.2
  2     1       0.003695635      -0.025054924       0.007778117  H.vdw.2
  1     8      -0.024646115      -0.002077035       0.014311140  O.vdw.1
  2     1       0.011983928       0.010424118       0.006491533  H.vdw.2
  2     1       0.016851988      -0.003830743      -0.024608841  H.vdw.2
  1     8       0.032770157       0.020642546       0.016292203  O.vdw.1
  2     1      -0.022191615      -0.008023867      -0.008913658  H.vdw.2
  2     1      -0.026161825      -0.010802076      -0.012739260  H.vdw.2
  1     8       0.054248636      -0.002779566      -0.069486031  O.vdw.1
  2     1      -0.044289775      -0.011846397       0.046068541  H.vdw.2
  2     1      -0.001641778       0.006026463       0.015411474  H.vdw.2
  1     8      -0.058802503      -0.005172113       0.002339111  O.vdw.1
  2     1       0.041128111       0.020105411       0.029866588  H.vdw.2
  2     1       0.007986446      -0.013924724      -0.023691020  H.vdw.2
  1     8      -0.004315550      -0.021213157       0.005460653  O.vdw.1
  2     1       0.012331518       0.021530813       0.001204637  H.vdw.2
  2     1      -0.012564724       0.000865374       0.000659432  H.vdw.2
  1     8      -0.109049497      -0.084800385      -0.048234084  O.vdw.1
  2     1       0.031033139       0.044157556       0.083786906  H.vdw.2
  2     1       0.080613610       0.035635027      -0.030767115  H.vdw.2
  1     8      -0.056406381       0.022135945       0.022407970  O.vdw.1
  2     1       0.031858148      -0.015139697      -0.029143303  H.vdw.2
  2     1       0.021293051      -0.004058507       0.003429306  H.vdw.2
  1     8      -0.038529453       0.042490184      -0.008072768  O.vdw.1
  2     1       0.014633878       0.001562162       0.002690100  H.vdw.2
  2     1       0.013030620      -0.053713538      -0.007432870  H.vdw.2
  1     8      -0.031880719       0.052533729       0.002567075  O.vdw.1
  2     1      -0.009775969      -0.036932585       0.005067121  H.vdw.2
  2     1       0.040844448      -0.010039918      -0.000653960  H.vdw.2
  1     8      -0.046874286      -0.069432710       0.001103294  O.vdw.1
  2     1       0.053427455       0.039828512      -0.049234143  H.vdw.2
  2     1      -0.008105466       0.039183725       0.043759676  H.vdw.2
  1     8       0.018354556      -0.047420399       0.022185868  O.vdw.1
  2     1      -0.010406757       0.016960647       0.006437283  H.vdw.2
  2     1      -0.011761435       0.006704467      -0.012625225  H.vdw.2
  1     8      -0.027591080      -0.039570443      -0.028476603  O.vdw.1
  2     1      -0.014986622      -0.010581735       0.008630843  H.vdw.2
  2     1       0.052518444       0.054250514       0.015869610  H.vdw.2
  1     8       0.062176152       0.014139313      -0.016117545  O.vdw.1
  2     1      -0.029821092      -0.031215964      -0.004820929  H.vdw.2
  2     1      -0.026267774       0.021210914       0.009041070  H.vdw.2
  1     8       0.120187155       0.065832760      -0.046653534  O.vdw.1
  2     1      -0.074244752      -0.068024276       0.046529553  H.vdw.2
  2     1      -0.016068375       0.009621096       0.005340327  H.vdw.2
  1     8       0.035368873       0.110553774       0.066704617  O.vdw.1
  2     1      -0.015701779      -0.112368688      -0.051563700  H.vdw.2
  2     1      -0.000371184      -0.011809948      -0.018447770  H.vdw.2
  1     8      -0.026174122       0.023564903       0.049442213  O.vdw.1
  2     1       0.031516027      -0.032602239      -0.076157479  H.vdw.2
  2     1       0.018987855       0.009945173       0.012814994  H.vdw.2
  1     8       0.002816674      -0.050813730       0.014653568  O.vdw.1
  2     1       0.006396882       0.015029660      -0.019681563  H.vdw.2
  2     1      -0.000818345       0.040566333      -0.007374378  H.vdw.2
  1     8      -0.069211574       0.015273328      -0.005214503  O.vdw.1
  2     1      -0.005139433      -0.048211449      -0.033371301  H.vdw.2
  2     1       0.053676503       0.041448974       0.032341533  H.vdw.2
  1     8      -0.002043702      -0.010389102       0.014375723  O.vdw.1
  2     1      -0.012770849      -0.001143719      -0.015029710  H.vdw.2
  2     1       0.008445529      -0.002674485       0.003703904  H.vdw.2
  1     8      -0.007747052      -0.016604689      -0.021883358  O.vdw.1
  2     1       0.010573154       0.008953379      -0.000823135  H.vdw.2
  2     1      -0.004227230       0.003041716       0.010442879  H.vdw.2
  1     8       0.021883611       0.005120175      -0.000027025  O.vdw.1
  2     1      -0.031754236       0.034221978      -0.026148795  H.vdw.2
  2     1       0.014445616      -0.038590932       0.022332579  H.vdw.2
  1     8      -0.014805351      -0.010704746       0.005637827  O.vdw.1
  2     1       0.012709864      -0.001630282       0.010556303  H.vdw.2
  2     1      -0.004795273       0.000981878      -0.000943170  H.vdw.2
  1     8       0.000431598      -0.061870216       0.098864825  O.vdw.1
  2     1       0.065705128       0.063898630      -0.018700169  H.vdw.2
  2     1      -0.062359856      -0.012317172      -0.065028378  H.vdw.2
  1     8       0.054648757       0.011556306       0.054455124  O.vdw.1
  2     1      -0.063864456      -0.033073500      -0.078072438  H.vdw.2
  2     1       0.014576959       0.015310578       0.035289734  H.vdw.2
  1     8      -0.036731297      -0.096887033       0.072717979  O.vdw.1
  2     1       0.007299280       0.064229397      -0.071415320  H.vdw.2
  2     1       0.025348496       0.024021773       0.007814349  H.vdw.2
  1     8      -0.056594015      -0.034726023       0.036134369  O.vdw.1
  2     1       0.018286793      -0.019853847      -0.017623902  H.vdw.2
  2     1       0.057412763       0.054176626      -0.008625383  H.vdw.2
  1     8       0.040102174      -0.017384662       0.025885149  O.vdw.1
  2     1      -0.001490913       0.009934290      -0.018094788  H.vdw.2
  2     1      -0.013715123       0.014056696       0.006687634  H.vdw.2
  1     8      -0.067727049      -0.105751749      -0.002027323  O.vdw.1
  2     1      -0.032351423       0.045243873      -0.047342782  H.vdw.2
  2     1       0.105952871       0.069068184       0.039427211  H.vdw.2
  1     8      -0.064750154      -0.061238591      -0.014751599  O.vdw.1
  2     1       0.049044877       0.008491461      -0.031450863  H.vdw.2
  2     1      -0.002039254       0.055516482       0.042651921  H.vdw.2
  1     8      -0.042286236      -0.003426815      -0.037785414  O.vdw.1
  2     1       0.019148889       0.000120475       0.014008046  H.vdw.2
  2     1       0.020654505       0.007202474       0.019134812  H.vdw.2
  1     8       0.013161482      -0.069577045      -0.025550650  O.vdw.1
  2     1      -0.056463856       0.059315990       0.022893643  H.vdw.2
  2     1       0.055387036       0.008282180       0.000870145  H.vdw.2
  1     8       0.054309377       0.069957900      -0.051952992  O.vdw.1
  2     1      -0.086785592      -0.011885442      -0.012495435  H.vdw.2
  2     1       0.038847759      -0.049310745       0.052827547  H.vdw.2
  1     8       0.089201102       0.001525336       0.013381952  O.vdw.1
  2     1      -0.024033995       0.002533914      -0.009746810  H.vdw.2
  2     1      -0.062978531       0.000168736       0.013410509  H.vdw.2
  1     8      -0.065057740      -0.009746784      -0.057588403  O.vdw.1
  2     1       0.048299164       0.032294771      -0.000697491  H.vdw.2
  2     1       0.011375584      -0.021590990       0.047428307  H.vdw.2
  1     8      -0.004863620       0.048815762       0.030638178  O.vdw.1
  2     1       0.012483350      -0.008998083      -0.030929612  H.vdw.2
  2     1      -0.014843958      -0.027661327      -0.015722465  H.vdw.2
  1     8      -0.003120450       0.000288553      -0.022308046  O.vdw.1
  2     1      -0.013089818      -0.005354019       0.005355002  H.vdw.2
  2     1       0.012729646       0.014297489       0.022150432  H.vdw.2
  1     8       0.022054385      -0.036173901       0.000145652  O.vdw.1
  2     1      -0.057126895       0.043367543      -0.010205064  H.vdw.2
  2     1       0.033146554      -0.004614732       0.014853411  H.vdw.2
  1     8       0.033135791      -0.092054179      -0.027632899  O.vdw.1
  2     1      -0.010534880       0.001987602       0.004808606  H.vdw.2
  2     1      -0.020214460       0.084943564       0.037346373  H.vdw.2
  1     8       0.052451812       0.001486927       0.013478328  O.vdw.1
  2     1      -0.004006172      -0.002875774       0.002332915  H.vdw.2
  2     1      -0.050120328       0.006612777      -0.022947163  H.vdw.2
  1     8       0.047854460       0.143331538       0.012457982  O.vdw.1
  2     1      -0.016903235      -0.031322564       0.005062830  H.vdw.2
  2     1      -0.025598848      -0.117892302      -0.017969506  H.vdw.2
  1     8       0.037443796      -0.031010684      -0.016632499  O.vdw.1
  2     1       0.023219857       0.000489659       0.002363979  H.vdw.2
  2     1      -0.057757701       0.031776928       0.023482339  H.vdw.2
  1     8      -0.016608163      -0.021915630       0.035215976  O.vdw.1
  2     1       0.027123235       0.058708131      -0.030317439  H.vdw.2
  2     1      -0.005692942      -0.020672656      -0.012797695  H.vdw.2
  1     8      -0.008484467      -0.035818985       0.016242295  O.vdw.1
  2     1      -0.006229430       0.038795396      -0.003965867  H.vdw.2
  2     1       0.005892119      -0.000838469      -0.000428217  H.vdw.2
  1     8      -0.012550592      -0.030187686       0.084688254  O.vdw.1
  2     1       0.009914871      -0.004004705      -0.002159683  H.vdw.2
  2     1      -0.002642588       0.025225451      -0.078193223  H.vdw.2
  1     8       0.020645920       0.031691410      -0.016615498  O.vdw.1
  2     1      -0.002721977      -0.011329831      -0.025272343  H.vdw.2
  2     1      -0.007092635      -0.007386137       0.031359627  H.vdw.2
  1     8      -0.025679644       0.028474154       0.013386053  O.vdw.1
  2     1      -0.010379615      -0.044053890       0.004858083  H.vdw.2
  2     1       0.024529962       0.015970830      -0.024840554  H.vdw.2
  1     8      -0.060443749      -0.047103815       0.021974698  O.vdw.1
  2     1       0.012941487      -0.003519730      -0.039557862  H.vdw.2
  2     1       0.042010717       0.037782532       0.027153951  H.vdw.2
  1     8       0.010493352       0.018704730       0.068496437  O.vdw.1
  2     1      -0.009864406      -0.023731949      -0.063778089  H.vdw.2
  2     1      -0.001587752       0.025858358      -0.006178889  H.vdw.2
  1     8      -0.037228718      -0.017473644      -0.041889261  O.vdw.1
  2     1       0.027921163       0.019089224       0.018870741  H.vdw.2
  2     1       0.016514151      -0.009023396       0.016287810  H.vdw.2
  1     8      -0.079587431       0.019498837       0.051874529  O.vdw.1
  2     1       0.033013720      -0.002404071       0.001500853  H.vdw.2
  2     1       0.033391833      -0.027144964      -0.045683585  H.vdw.2
  1     8       0.039407225       0.037343876       0.006348366  O.vdw.1
  2     1       0.000341395       0.007986236      -0.006025560  H.vdw.2
  2     1      -0.040714987      -0.050075250       0.014264957  H.vdw.2
  1     8       0.080356908      -0.025967115       0.007418019  O.vdw.1
  2     1       0.001339473       0.016012182      -0.015466640  H.vdw.2
  2     1      -0.055670626       0.000317061      -0.000156919  H.vdw.2
  1     8      -0.040293207       0.001308854      -0.039435863  O.vdw.1
  2     1      -0.001063758       0.006544749      -0.003367474  H.vdw.2
  2     1       0.030384966      -0.000185170       0.047955840  H.vdw.2
  1     8       0.034887235       0.032885233      -0.021866235  O.vdw.1
  2     1      -0.010247702      -0.005539816      -0.003596330  H.vdw.2
  2     1      -0.028054387      -0.018266758       0.021539353  H.vdw.2
  1     8       0.004278836      -0.012399553       0.074496833  O.vdw.1
  2     1       0.020172319      -0.014622584      -0.057460992  H.vdw.2
  2     1      -0.007960141       0.004723439      -0.021288402  H.vdw.2
