              -4421.2263766593
         -0.000167991      -0.000034597      -0.000007494
         -0.000034597      -0.000140523      -0.000011430
         -0.000007494      -0.000011430      -0.000167341
         384
  1     8      -0.078321145      -0.049154231      -0.101151528  O.vdw.1
  2     1       0.075763980       0.069025710       0.114310008  H.vdw.2
  2     1       0.010212742      -0.019713401      -0.011295044  H.vdw.2
  1     8       0.106644313      -0.036827041      -0.051341665  O.vdw.1
  2     1      -0.060273886      -0.046864159       0.038296736  H.vdw.2
  2     1      -0.046559552       0.089061492       0.018915510  H.vdw.2
  1     8       0.039581856       0.002316894      -0.027970864  O.vdw.1
  2     1      -0.020731186      -0.025077262      -0.022895346  H.vdw.2
  2     1      -0.010309178       0.023761860       0.029293576  H.vdw.2
  1     8       0.036752762       0.057958993       0.063180808  O.vdw.1
  2     1      -0.052123844      -0.053858808      -0.051936681  H.vdw.2
  2     1       0.024765631      -0.013860872      -0.016184422  H.vdw.2
  1     8      -0.016409628      -0.005111561      -0.031027299  O.vdw.1
  2     1      -0.001972602       0.005181577       0.016907018  H.vdw.2
  2     1       0.013947905      -0.011923658       0.002793032  H.vdw.2
  1     8       0.027569937       0.021593493       0.073319035  O.vdw.1
  2     1      -0.021833925      -0.020033655      -0.065142192  H.vdw.2
  2     1      -0.003350323      -0.011899284      -0.008689100  H.vdw.2
  1     8      -0.033256766       0.026510795       0.002019989  O.vdw.1
  2     1       0.009502045      -0.010638350      -0.007332171  H.vdw.2
  2     1       0.019552668      -0.003498158      -0.003353331  H.vdw.2
  1     8       0.026473612       0.012013082      -0.002271000  O.vdw.1
  2     1       0.000149135       0.005549923      -0.018071834  H.vdw.2
  2     1      -0.018948422      -0.018487977       0.024487834  H.vdw.2
  1     8      -0.068460549       0.042897409      -0.014303363  O.vdw.1
  2     1       0.062463987      -0.030532352      -0.019487667  H.vdw.2
  2     1       0.011879669      -0.016718357       0.022858565  H.vdw.2
  1     8      -0.042158610      -0.026817235      -0.112180615  O.vdw.1
  2     1       0.020223198       0.031773699       0.088093473  H.vdw.2
  2     1       0.023727221      -0.015869161       0.024227814  H.vdw.2
  1     8      -0.019293072       0.112086929       0.008679548  O.vdw.1
  2     1      -0.012495222      -0.094393943      -0.018994953  H.vdw.2
  2     1       0.036577580      -0.006621643       0.015036060  H.vdw.2
  1     8       0.038057258      -0.008557669      -0.003540280  O.vdw.1
  2     1      -0.032752109      -0.007956078       0.003516387  H.vdw.2
  2     1      -0.012985244       0.016950346       0.007356585  H.vdw.2
  1     8      -0.040443172       0.009372923      -0.020481249  O.vdw.1
  2     1       0.004129227       0.023872039       0.006385096  H.vdw.2
  2     1       0.045289677      -0.033790935       0.024137428  H.vdw.2
  1     8       0.034292120      -0.008739450      -0.113499042  O.vdw.1
  2     1       0.006548609       0.031512479      -0.011795626  H.vdw.2
  2     1      -0.045658577      -0.020671832       0.130431376  H.vdw.2
  1     8       0.010321341      -0.012915305       0.010192089  O.vdw.1
  2     1       0.016380107       0.018473595      -0.010112764  H.vdw.2
  2     1      -0.021823990      -0.009894295       0.009111411  H.vdw.2
  1     8       0.041273350       0.001146301      -0.032685689  O.vdw.1
  2     1      -0.025310139      -0.001195146       0.033190678  H.vdw.2
  2     1       0.006556100       0.004534566       0.004165193  H.vdw.2
  1     8       0.022970514      -0.057315169      -0.023734877  O.vdw.1
  2     1      -0.022716665      -0.009189649       0.010036544  H.vdw.2
  2     1      -0.010071309       0.067281850       0.005108706  H.vdw.2
  1     8      -0.088211434       0.083827254      -0.001341874  O.vdw.1
  2     1      -0.014118138       0.022226195       0.003360871  H.vdw.2
  2     1       0.088567179      -0.109002351       0.006723489  H.vdw.2
  1     8       0.122834759       0.013387766      -0.004471754  O.vdw.1
  2     1      -0.110417674      -0.045732417       0.015234623  H.vdw.2
  2     1      -0.001313741       0.021141231       0.001721871  H.vdw.2
  1     8       0.111545245      -0.019321860       0.017478028  O.vdw.1
  2     1      -0.117019970       0.018956755      -0.015772767  H.vdw.2
  2     1      -0.001333886      -0.000930721       0.000206158  H.vdw.2
  1     8       0.011332311      -0.022327455       0.032810252  O.vdw.1
  2     1      -0.018879973       0.038267071      -0.017711143  H.vdw.2
  2     1      -0.000139216      -0.027129746       0.006015925  H.vdw.2
  1     8       0.058932374      -0.026871650      -0.022047983  O.vdw.1
  2     1       0.012291314       0.029429120      -0.014913847  H.vdw.2
  2     1      -0.082800554       0.000505632       0.027373217  H.vdw.2
  1     8       0.002718550      -0.025522336      -0.013594302  O.vdw.1
  2     1      -0.000816797       0.001837748      -0.033566535  H.vdw.2
  2     1       0.002623289       0.027826513       0.040525558  H.vdw.2
  1     8       0.108573115       0.051593877       0.008164991  O.vdw.1
  2     1      -0.007122506      -0.106445125      -0.020269618  H.vdw.2
  2     1      -0.097269030       0.052530509       0.029824630  H.vdw.2
  1     8      -0.028487811      -0.057797147      -0.033536789  O.vdw.1
  2     1      -0.004924315       0.021745116       0.025199618  H.vdw.2
  2     1       0.030045418       0.027692240      -0.002737027  H.vdw.2
  1     8       0.004645266      -0.093413789      -0.067385069  O.vdw.1
  2     1       0.024448368      -0.015648010       0.036156246  H.vdw.2
  2     1      -0.026306231       0.107694179       0.017004045  H.vdw.2
  1     8       0.000964032      -0.038727839       0.014341498  O.vdw.1
  2     1      -0.027131955       0.023797618      -0.039916431  H.vdw.2
  2     1       0.027289025       0.030813003       0.008988189  H.vdw.2
  1     8       0.003166501       0.056468234       0.022348638  O.vdw.1
  2     1       0.012233249      -0.012528712      -0.005775059  H.vdw.2
  2     1      -0.000462517      -0.046443684      -0.018512271  H.vdw.2
  1     8       0.006923013       0.081337070      -0.020790871  O.vdw.1
  2     1       0.026171333      -0.011805547       0.011743062  H.vdw.2
  2     1      -0.021674885      -0.058240813       0.027779238  H.vdw.2
  1     8      -0.106861839       0.086294227       0.055014690  O.vdw.1
  2     1       0.086186637      -0.056425434      -0.023521590  H.vdw.2
  2     1       0.001705645      -0.031426598      -0.008774332  H.vdw.2
  1     8      -0.013624707       0.009061336       0.032351381  O.vdw.1
  2     1      -0.000094913       0.001885445      -0.021540136  H.vdw.2
  2     1      -0.007675796      -0.017627876      -0.006003825  H.vdw.2
  1     8      -0.034672092       0.011485350      -0.038628488  O.vdw.1
  2     1       0.038059926      -0.002786682       0.045006228  H.vdw.2
  2     1      -0.001874821      -0.022048981       0.000065181  H.vdw.2
  1     8       0.034442139       0.050386837      -0.068208035  O.vdw.1
  2     1       0.006019840      -0.001075171       0.007567577  H.vdw.2
  2     1      -0.029714054      -0.049530926       0.045561688  H.vdw.2
  1     8       0.028451392       0.045916150      -0.036878103  O.vdw.1
  2     1      -0.038414539      -0.041721053       0.020236469  H.vdw.2
  2     1       0.015384740      -0.002401074       0.010871586  H.vdw.2
  1     8       0.090074031      -0.029414738       0.026435817  O.vdw.1
  2     1      -0.003666003       0.025095057      -0.006353322  H.vdw.2
  2     1      -0.090632050       0.010786686      -0.029844205  H.vdw.2
  1     8      -0.030049574      -0.074070016      -0.031110537  O.vdw.1
  2     1       0.025848735       0.042265582       0.032407491  H.vdw.2
  2     1      -0.013149136       0.031715426       0.012248590  H.vdw.2
  1     8       0.008799621       0.029317353      -0.017243628  O.vdw.1
  2     1      -0.014004129      -0.064866498       0.044933715  H.vdw.2
  2     1       0.015811948       0.030126182      -0.036896767  H.vdw.2
  1     8      -0.028866446      -0.070841915      -0.022216786  O.vdw.1
  2     1       0.018275098       0.021258409       0.012308343  H.vdw.2
  2     1       0.016264389       0.042371407       0.014896393  H.vdw.2
  1     8       0.021823375       0.025919315       0.002040979  O.vdw.1
  2     1       0.005656057      -0.015722523      -0.000871180  H.vdw.2
  2     1      -0.020212529      -0.007965685      -0.026121050  H.vdw.2
  1     8      -0.010259073       0.026383732       0.026595716  O.vdw.1
  2     1      -0.001167613      -0.008515297       0.000730717  H.vdw.2
  2     1      -0.004389012      -0.007183346      -0.008148677  H.vdw.2
  1     8       0.094979266      -0.012182553       0.098069561  O.vdw.1
  2     1      -0.069497317       0.023753055       0.017378856  H.vdw.2
  2     1      -0.026344667      -0.011516641      -0.113015512  H.vdw.2
  1     8      -0.020247419       0.013580244      -0.059703098  O.vdw.1
  2     1      -0.000443917       0.006152111       0.022489896  H.vdw.2
  2     1       0.008503912      -0.041778802       0.022138796  H.vdw.2
  1     8      -0.047913847       0.017686554      -0.055106609  O.vdw.1
  2     1       0.042600740      -0.004434363       0.027103652  H.vdw.2
  2     1      -0.013006531      -0.011983682       0.027237975  H.vdw.2
  1     8       0.016922262      -0.039621551      -0.038200951  O.vdw.1
  2     1       0.006038200      -0.014166678      -0.023335899  H.vdw.2
  2     1      -0.036247228       0.052840926       0.070323084  H.vdw.2
  1     8       0.022326412       0.013977377       0.026439451  O.vdw.1
  2     1      -0.029996745      -0.011914470       0.002101034  H.vdw.2
  2     1       0.011890778       0.003216082      -0.024558169  H.vdw.2
  1     8      -0.037938438      -0.073245706      -0.011264984  O.vdw.1
  2     1       0.030981340       0.024600269       0.021625029  H.vdw.2
  2     1      -0.001501202       0.042002523      -0.007976872  H.vdw.2
  1     8       0.059876595       0.006993558       0.000835316  O.vdw.1
  2     1      -0.074802284      -0.042437783       0.010572775  H.vdw.2
  2     1       0.019915388       0.035722076      -0.009014176  H.vdw.2
  1     8       0.013680208      -0.025981158       0.014382792  O.vdw.1
  2     1      -0.003945972       0.004491234      -0.014024320  H.vdw.2
  2     1      -0.024832257       0.023178027       0.011685569  H.vdw.2
  1     8       0.014423877      -0.003702848       0.032964507  O.vdw.1
  2     1       0.014456357       0.018392911      -0.023757163  H.vdw.2
  2     1      -0.023298640      -0.023203608      -0.030040669  H.vdw.2
  1     8      -0.033695415       0.022465176       0.026461530  O.vdw.1
  2     1      -0.012859951      -0.005270052       0.009630870  H.vdw.2
  2     1       0.035738428      -0.010645456      -0.040642133  H.vdw.2
  1     8       0.040071558       0.068974083      -0.014041402  O.vdw.1
  2     1       0.017445911      -0.001258166       0.021253077  H.vdw.2
  2     1      -0.056148254      -0.053539563      -0.036983681  H.vdw.2
  1     8      -0.008368779       0.037003143      -0.003007112  O.vdw.1
  2     1      -0.002867505       0.013420001      -0.005719035  H.vdw.2
  2     1       0.011476289      -0.048854746       0.003689757  H.vdw.2
  1     8      -0.093583862      -0.016752291       0.060260579  O.vdw.1
  2     1       0.025546934      -0.030034956      -0.020774718  H.vdw.2
  2     1       0.066081971       0.043725681      -0.029226850  H.vdw.2
  1     8      -0.063557178      -0.167396207      -0.075746566  O.vdw.1
  2     1      -0.049190445       0.044427784      -0.031482538  H.vdw.2
  2     1       0.107081759       0.118280308       0.106435091  H.vdw.2
  1     8      -0.049946445      -0.005381117      -0.015563745  O.vdw.1
  2     1       0.062460463      -0.012474298      -0.003539320  H.vdw.2
  2     1      -0.013962181       0.018261264       0.012541994  H.vdw.2
  1     8       0.022433110      -0.054260662      -0.036114998  O.vdw.1
  2     1      -0.025505012       0.019309365       0.010259292  H.vdw.2
  2     1       0.003507595       0.022289256       0.012865392  H.vdw.2
  1     8       0.027793028       0.003432251       0.019782346  O.vdw.1
  2     1      -0.010066700       0.004291969       0.003756029  H.vdw.2
  2     1       0.005927754       0.001191838      -0.018465199  H.vdw.2
  1     8       0.040634505       0.036726003       0.018545802  O.vdw.1
  2     1       0.016449285      -0.019886406       0.013428968  H.vdw.2
  2     1      -0.044694114      -0.013747262      -0.020539840  H.vdw.2
  1     8      -0.015175663       0.020772836       0.089054391  O.vdw.1
  2     1       0.006571667      -0.004298094      -0.059367479  H.vdw.2
  2     1      -0.004277542      -0.008952985      -0.002997553  H.vdw.2
  1     8       0.017153033       0.011619050       0.028762330  O.vdw.1
  2     1      -0.022063531      -0.017715405      -0.017875375  H.vdw.2
  2     1      -0.004997367      -0.001134472      -0.011100947  H.vdw.2
  1     8      -0.028192931      -0.005190595      -0.013500751  O.vdw.1
  2     1       0.017599578      -0.017527771       0.030802836  H.vdw.2
  2     1       0.014117571       0.037708235      -0.024647411  H.vdw.2
  1     8      -0.034940176       0.019016390      -0.032417325  O.vdw.1
  2     1       0.012044454      -0.002008317      -0.004211008  H.vdw.2
  2     1       0.029109689      -0.016187838       0.036316940  H.vdw.2
  1     8      -0.030463720       0.026348123      -0.014979411  O.vdw.1
  2     1      -0.006940695      -0.020329563       0.007579676  H.vdw.2
  2     1       0.049160471       0.003513884      -0.008936024  H.vdw.2
  1     8      -0.014401134      -0.009442259       0.081692348  O.vdw.1
  2     1      -0.008280608       0.011461357      -0.082116093  H.vdw.2
  2     1       0.013604451       0.004216105      -0.015674023  H.vdw.2
  1     8      -0.015626712       0.012993535      -0.013816041  O.vdw.1
  2     1      -0.001417602       0.001892967       0.000086067  H.vdw.2
  2     1       0.011077477       0.001766137       0.005933800  H.vdw.2
  1     8       0.020232887      -0.060039455      -0.062047961  O.vdw.1
  2     1       0.021633542       0.001680303       0.014235477  H.vdw.2
  2     1      -0.035611893       0.074979142       0.071971504  H.vdw.2
  1     8      -0.017565955      -0.003159596      -0.000378816  O.vdw.1
  2     1      -0.010322151      -0.032734830       0.003938302  H.vdw.2
  2     1       0.023404231       0.028048461      -0.000364471  H.vdw.2
  1     8      -0.036138802      -0.039354629       0.086398294  O.vdw.1
  2     1      -0.020069545       0.043317646       0.034922451  H.vdw.2
  2     1       0.051111932      -0.008453036      -0.110326293  H.vdw.2
  1     8       0.015303056      -0.016569512      -0.009746963  O.vdw.1
  2     1       0.013019072       0.039647064      -0.017750416  H.vdw.2
  2     1      -0.022977234      -0.001206813       0.022849848  H.vdw.2
  1     8       0.006785564       0.004167279      -0.046523170  O.vdw.1
  2     1      -0.007932960      -0.019872936       0.020629014  H.vdw.2
  2     1       0.005843789       0.033220345       0.037969386  H.vdw.2
  1     8       0.038932602      -0.008098710       0.024509546  O.vdw.1
  2     1      -0.026347121       0.002235531      -0.038468090  H.vdw.2
  2     1      -0.005823026       0.032494877       0.002641236  H.vdw.2
  1     8       0.028250994       0.006958865      -0.073304421  O.vdw.1
  2     1      -0.011250244       0.019058073       0.036214728  H.vdw.2
  2     1      -0.012582249      -0.021568420       0.024949136  H.vdw.2
  1     8       0.018777681       0.050957640       0.001394241  O.vdw.1
  2     1      -0.000036267      -0.009697965      -0.004422654  H.vdw.2
  2     1      -0.025623229      -0.036661452      -0.001053269  H.vdw.2
  1     8      -0.001907635      -0.008257776      -0.097164627  O.vdw.1
  2     1       0.011597608       0.014744753       0.080604905  H.vdw.2
  2     1      -0.009268988      -0.001552652       0.014017334  H.vdw.2
  1     8       0.003388961      -0.006791766      -0.001725311  O.vdw.1
  2     1      -0.005835372       0.003214814      -0.003618334  H.vdw.2
  2     1      -0.010733759       0.008178818       0.001139159  H.vdw.2
  1     8       0.072412622      -0.012574243      -0.072894944  O.vdw.1
  2     1      -0.061725543      -0.004623032       0.058236148  H.vdw.2
  2     1      -0.003298938       0.007645221      -0.000765868  H.vdw.2
  1     8      -0.023157878      -0.023925703       0.003144717  O.vdw.1
  2     1       0.023009235       0.013994561       0.010434178  H.vdw.2
  2     1      -0.017248939       0.005033855      -0.013287157  H.vdw.2
  1     8      -0.012778390      -0.055131699      -0.030358808  O.vdw.1
  2     1       0.036220538       0.034899493       0.009168206  H.vdw.2
  2     1      -0.027117875       0.016156596       0.036028055  H.vdw.2
  1     8      -0.075415938      -0.058280911      -0.036318394  O.vdw.1
  2     1       0.014327481       0.010696493       0.058868306  H.vdw.2
  2     1       0.063257424       0.036796806      -0.016995352  H.vdw.2
  1     8      -0.003995412       0.000789096      -0.015733958  O.vdw.1
  2     1       0.025798968      -0.013468244       0.006115908  H.vdw.2
  2     1      -0.019638199       0.013006055       0.017150225  H.vdw.2
  1     8      -0.025411000       0.016527857      -0.031699893  O.vdw.1
  2     1       0.013725045       0.003722380       0.027772482  H.vdw.2
  2     1       0.002918638      -0.027261611      -0.001439969  H.vdw.2
  1     8      -0.025583553       0.010120206       0.002800992  O.vdw.1
  2     1      -0.011320821      -0.012568118      -0.000764285  H.vdw.2
  2     1       0.037909883      -0.004871417       0.002706318  H.vdw.2
  1     8      -0.025048639      -0.041957247       0.009490705  O.vdw.1
  2     1       0.038592886       0.023809137      -0.033213856  H.vdw.2
  2     1      -0.016913905       0.019099156       0.018248097  H.vdw.2
  1     8       0.007837763      -0.054801292       0.005521866  O.vdw.1
  2     1      -0.001080734       0.012461151       0.017222162  H.vdw.2
  2     1      -0.008798377       0.010340787      -0.003964045  H.vdw.2
  1     8      -0.054930058      -0.031791471      -0.004398623  O.vdw.1
  2     1      -0.003862213      -0.010291849      -0.007468124  H.vdw.2
  2     1       0.054321548       0.047757529       0.013814402  H.vdw.2
  1     8       0.087950119       0.038627201      -0.015397583  O.vdw.1
  2     1      -0.068386218      -0.052452932      -0.023978604  H.vdw.2
  2     1      -0.014537887       0.017220812       0.024409176  H.vdw.2
  1     8       0.074948322       0.061668815      -0.037540500  O.vdw.1
  2     1      -0.039166240      -0.047762634       0.039038093  H.vdw.2
  2     1      -0.009870540      -0.004708806       0.008258030  H.vdw.2
  1     8       0.062299587       0.134402615       0.080393422  O.vdw.1
  2     1      -0.032215923      -0.139707465      -0.063636410  H.vdw.2
  2     1      -0.011563939      -0.010222565      -0.024385933  H.vdw.2
  1     8       0.002437285       0.013960314      -0.011156390  O.vdw.1
  2     1       0.004675949      -0.016657316      -0.020588643  H.vdw.2
  2     1       0.021511097       0.004484587       0.014864968  H.vdw.2
  1     8       0.000073259       0.008471918       0.003433989  O.vdw.1
  2     1       0.001976659      -0.014759234      -0.004285463  H.vdw.2
  2     1       0.005112497       0.009713532      -0.012646690  H.vdw.2
  1     8      -0.057220471       0.034709266       0.004740916  O.vdw.1
  2     1       0.006154766      -0.041700131      -0.030174588  H.vdw.2
  2     1       0.031420646       0.020992192       0.017806716  H.vdw.2
  1     8      -0.009208846      -0.008996586       0.002262180  O.vdw.1
  2     1      -0.002561710       0.000642574      -0.008223246  H.vdw.2
  2     1       0.005259280      -0.002331479       0.001407502  H.vdw.2
  1     8       0.003899105      -0.024891407      -0.031640547  O.vdw.1
  2     1       0.006759303       0.010542403      -0.001768004  H.vdw.2
  2     1      -0.014646017       0.007774866       0.021813544  H.vdw.2
  1     8       0.072394881       0.039824353       0.020688898  O.vdw.1
  2     1      -0.052258275       0.000190797      -0.033733193  H.vdw.2
  2     1      -0.014251558      -0.038450225       0.011944272  H.vdw.2
  1     8      -0.021822677      -0.025282776       0.029824327  O.vdw.1
  2     1      -0.001208739      -0.002588748      -0.009975121  H.vdw.2
  2     1       0.009071265       0.011721166      -0.008814973  H.vdw.2
  1     8       0.041208139      -0.038736641       0.092379408  O.vdw.1
  2     1       0.008381302       0.026115117      -0.014845650  H.vdw.2
  2     1      -0.054604129       0.003057547      -0.065585211  H.vdw.2
  1     8       0.071504380       0.041587290       0.063989299  O.vdw.1
  2     1      -0.064644564      -0.029466320      -0.084936870  H.vdw.2
  2     1      -0.000828691      -0.013499576       0.038043834  H.vdw.2
  1     8      -0.018636686      -0.068962211       0.053806265  O.vdw.1
  2     1      -0.005466045       0.049473412      -0.074318272  H.vdw.2
  2     1       0.019117225       0.004320636       0.025231579  H.vdw.2
  1     8      -0.027316962       0.001231107       0.037900781  O.vdw.1
  2     1      -0.000231785      -0.024810477      -0.019019688  H.vdw.2
  2     1       0.035482709       0.029679706      -0.018938438  H.vdw.2
  1     8       0.013937499       0.020797743       0.017018476  O.vdw.1
  2     1       0.016431144      -0.015678332       0.008574370  H.vdw.2
  2     1      -0.002553436       0.004101381      -0.016619967  H.vdw.2
  1     8      -0.060747348      -0.095915882       0.019727507  O.vdw.1
  2     1      -0.038220151       0.045170628      -0.059772921  H.vdw.2
  2     1       0.112781033       0.060998720       0.029263031  H.vdw.2
  1     8      -0.042676332      -0.043939441      -0.005728294  O.vdw.1
  2     1       0.027397382       0.001863947      -0.027210403  H.vdw.2
  2     1      -0.008415372       0.042761596       0.042626820  H.vdw.2
  1     8      -0.014498461       0.000959985      -0.034322123  O.vdw.1
  2     1      -0.011257253      -0.001200981       0.012819660  H.vdw.2
  2     1       0.024848535       0.001556837       0.012381164  H.vdw.2
  1     8      -0.041143273      -0.100641669      -0.017824791  O.vdw.1
  2     1      -0.010279180       0.053866713       0.017633667  H.vdw.2
  2     1       0.067543863       0.040087557       0.004216738  H.vdw.2
  1     8       0.077262436       0.059190199      -0.048398715  O.vdw.1
  2     1      -0.066730878      -0.021195060       0.006214170  H.vdw.2
  2     1      -0.008846184      -0.033514887       0.032859931  H.vdw.2
  1     8       0.047707506       0.020035409       0.058108657  O.vdw.1
  2     1      -0.008726050      -0.008682367      -0.036564352  H.vdw.2
  2     1      -0.036308869      -0.012447711      -0.007991886  H.vdw.2
  1     8      -0.042572626       0.006394733      -0.079818243  O.vdw.1
  2     1       0.030021405       0.014421248       0.007245268  H.vdw.2
  2     1       0.015210085      -0.025237632       0.065912777  H.vdw.2
  1     8       0.014422817      -0.024019497      -0.052847773  O.vdw.1
  2     1       0.003924462       0.033956711      -0.001188848  H.vdw.2
  2     1      -0.028639887       0.003169108       0.031295138  H.vdw.2
  1     8       0.066009528       0.009424907      -0.063318532  O.vdw.1
  2     1      -0.057726883      -0.011275481       0.029435650  H.vdw.2
  2     1      -0.010040684       0.007076786       0.032613500  H.vdw.2
  1     8       0.070718208      -0.004016996       0.010203906  O.vdw.1
  2     1      -0.063845877       0.012892806      -0.008947975  H.vdw.2
  2     1      -0.006670497      -0.005961847       0.007007811  H.vdw.2
  1     8       0.008400867      -0.071498811      -0.023577469  O.vdw.1
  2     1      -0.001675902      -0.012680888      -0.003186506  H.vdw.2
  2     1      -0.001423048       0.084163956       0.054603175  H.vdw.2
  1     8       0.040727599      -0.006968141       0.030297385  O.vdw.1
  2     1       0.003088815      -0.001050118      -0.006931903  H.vdw.2
  2     1      -0.056123353       0.009854046      -0.031092122  H.vdw.2
  1     8       0.020317597       0.082859142       0.023124474  O.vdw.1
  2     1      -0.024560739       0.009268047       0.023466089  H.vdw.2
  2     1      -0.000124806      -0.099698707      -0.042785455  H.vdw.2
  1     8       0.041221781      -0.019187875       0.009319513  O.vdw.1
  2     1      -0.003829100      -0.000690141      -0.008627665  H.vdw.2
  2     1      -0.034497691       0.021430378       0.013991387  H.vdw.2
  1     8      -0.006265313       0.012961088       0.017875637  O.vdw.1
  2     1       0.010272860       0.015659914      -0.012482859  H.vdw.2
  2     1       0.001660947      -0.012644870      -0.018067464  H.vdw.2
  1     8      -0.016141838      -0.021679868       0.030346136  O.vdw.1
  2     1       0.019599325       0.032968336      -0.023158805  H.vdw.2
  2     1       0.000615269      -0.011141963       0.000343717  H.vdw.2
  1     8      -0.011091919      -0.028358406       0.049228335  O.vdw.1
  2     1      -0.000037470       0.002034497       0.018264113  H.vdw.2
  2     1       0.000163529       0.019687161      -0.065780282  H.vdw.2
  1     8       0.009206372       0.021200496       0.012661254  O.vdw.1
  2     1       0.000945587      -0.018220890      -0.028951655  H.vdw.2
  2     1      -0.005081519       0.000768283       0.014066942  H.vdw.2
  1     8      -0.008665698       0.076681399      -0.006471620  O.vdw.1
  2     1      -0.020129616      -0.081562348      -0.000398598  H.vdw.2
  2     1       0.009714544       0.002504576       0.010095782  H.vdw.2
  1     8      -0.029785187      -0.040461386      -0.005468165  O.vdw.1
  2     1      -0.002154774      -0.000283164      -0.012149753  H.vdw.2
  2     1       0.022205744       0.025315114       0.021499059  H.vdw.2
  1     8       0.010184369       0.013896173       0.002017610  O.vdw.1
  2     1      -0.003593951       0.004068291      -0.002527990  H.vdw.2
  2     1      -0.007173032      -0.002810458       0.006053345  H.vdw.2
  1     8      -0.034926088      -0.010888875      -0.031114306  O.vdw.1
  2     1       0.018697079       0.004189974       0.001938626  H.vdw.2
  2     1       0.018859543       0.004017125       0.024529125  H.vdw.2
  1     8      -0.045680781       0.017013108       0.012687383  O.vdw.1
  2     1      -0.007788255      -0.010045647       0.012587788  H.vdw.2
  2     1       0.041608819      -0.016247118      -0.017198147  H.vdw.2
  1     8       0.064333543       0.058317677       0.001373281  O.vdw.1
  2     1      -0.001032271       0.004964991      -0.012876315  H.vdw.2
  2     1      -0.064486287      -0.067688464       0.025573167  H.vdw.2
  1     8       0.103105757      -0.003603068      -0.015196273  O.vdw.1
  2     1      -0.012396599      -0.008712190       0.007360092  H.vdw.2
  2     1      -0.074239615       0.004396369       0.001885440  H.vdw.2
  1     8      -0.036866860       0.020656794      -0.062862729  O.vdw.1
  2     1      -0.011607032      -0.007675330       0.004234425  H.vdw.2
  2     1       0.035469857      -0.010741316       0.057745626  H.vdw.2
  1     8       0.031458462       0.043524210      -0.069796045  O.vdw.1
  2     1      -0.010982284       0.003673610      -0.014719824  H.vdw.2
  2     1      -0.024141769      -0.037023193       0.081849265  H.vdw.2
  1     8      -0.001184141      -0.027227873       0.085362606  O.vdw.1
  2     1       0.024632480       0.002755369      -0.086723365  H.vdw.2
  2     1       0.001742458       0.010372337      -0.007593902  H.vdw.2
