-939.950392
-939.957007
-939.961799
-939.96518
-939.967245
-939.968225
-939.968132
-939.967481
-939.966004
-939.963804
-939.961117
-939.95822
-939.954897
-939.951133
-939.947273
-939.96011
-939.966785
-939.97163
-939.975053
-939.977146
-939.978144
-939.978058
-939.977407
-939.975925
-939.973714
-939.971009
-939.968086
-939.96474
-939.960952
-939.957065
-939.968837
-939.975571
-939.980472
-939.983936
-939.986058
-939.987073
-939.986992
-939.986338
-939.98485
-939.982627
-939.979901
-939.976951
-939.97358
-939.969767
-939.965849
-939.976585
-939.983376
-939.98833
-939.991835
-939.993985
-939.995016
-939.99494
-939.994283
-939.992787
-939.990552
-939.987807
-939.984828
-939.981431
-939.977592
-939.973644
-939.983378
-939.990224
-939.995229
-939.998774
-940.000951
-940.001998
-940.001926
-940.001264
-939.99976
-939.997514
-939.994749
-939.991742
-939.988317
-939.984453
-939.980474
-939.989248
-939.996147
-940.001202
-940.004788
-940.006991
-940.008052
-940.007984
-940.007315
-940.005803
-940.003544
-940.000759
-939.997723
-939.99427
-939.990378
-939.986368
-939.994219
-940.001171
-940.006272
-940.009898
-940.012126
-940.013201
-940.013135
-940.01246
-940.010938
-940.008665
-940.005861
-940.002797
-939.999313
-939.995393
-939.991352
-939.998317
-940.005319
-940.010465
-940.014129
-940.016382
-940.017469
-940.017405
-940.016721
-940.015188
-940.012902
-940.010078
-940.006986
-940.003471
-939.999521
-939.995448
-940.001561
-940.008612
-940.0138
-940.017501
-940.019777
-940.020876
-940.020812
-940.020119
-940.018574
-940.016274
-940.013429
-940.010309
-940.006761
-940.00278
-939.998674
-940.00397
-940.011068
-940.016296
-940.020033
-940.022332
-940.02344
-940.023376
-940.022673
-940.021114
-940.018799
-940.015934
-940.012784
-940.009202
-940.00519
-940.00105
-940.005559
-940.012702
-940.017967
-940.021739
-940.024058
-940.025176
-940.02511
-940.024397
-940.022823
-940.020491
-940.017606
-940.014428
-940.010811
-940.006766
-940.002592
-940.006347
-940.013534
-940.018835
-940.022637
-940.024977
-940.026102
-940.026034
-940.02531
-940.02372
-940.021372
-940.018465
-940.015261
-940.011609
-940.00753
-940.003321
-940.006362
-940.013592
-940.018924
-940.022755
-940.025114
-940.026246
-940.026174
-940.025438
-940.023831
-940.021466
-940.018538
-940.015306
-940.011619
-940.007505
-940.003262
-940.005624
-940.012894
-940.018256
-940.022113
-940.024489
-940.025626
-940.02555
-940.024801
-940.023176
-940.020792
-940.017844
-940.014584
-940.010862
-940.006711
-940.002433
-940.004142
-940.011452
-940.016842
-940.020721
-940.023114
-940.024255
-940.024173
-940.023411
-940.021766
-940.019363
-940.016393
-940.013106
-940.009349
-940.005162
-940.000847
-940.00194
-940.009288
-940.014703
-940.018601
-940.021009
-940.022153
-940.022064
-940.021287
-940.019623
-940.017199
-940.014207
-940.010892
-940.007101
-940.002875
-939.998523
-939.999035
-940.00642
-940.011858
-940.015772
-940.018193
-940.019338
-940.01924
-940.018449
-940.016763
-940.014318
-940.011303
-940.007961
-940.004136
-939.999871
-939.995481
-939.99545
-940.002869
-940.008327
-940.012254
-940.014685
-940.015828
-940.015721
-940.014912
-940.013205
-940.010737
-940.007698
-940.004329
-940.000471
-939.996166
-939.991739
