-0.271826,-0.0,-2.700351
-0.080725,-0.0,2.595608
0.323944,0.0,-0.129585
-3.732393,-0.0,4.980741
1.883497,2.290012,-2.366305
1.883497,-2.290012,-2.366305
-0.277798,-0.0,-2.654368
-0.076952,0.0,2.607554
0.326536,0.0,-0.125879
-3.739002,-0.0,4.916304
1.886498,2.294249,-2.367418
1.886498,-2.294249,-2.367418
-0.283333,-0.0,-2.611837
-0.073404,0.0,2.618621
0.329008,-0.0,-0.122537
-3.742049,-0.0,4.862011
1.885788,2.297879,-2.365965
1.885788,-2.297879,-2.365965
-0.288578,-0.0,-2.574701
-0.070049,-0.0,2.626629
0.331423,0.0,-0.119479
-3.736903,0.0,4.819012
1.883091,2.298843,-2.363582
1.883091,-2.298843,-2.363582
-0.293382,-0.0,-2.541371
-0.066889,-0.0,2.631797
0.333725,0.0,-0.11676
-3.735404,0.0,4.774386
1.884427,2.302308,-2.363404
1.884427,-2.302308,-2.363404
-0.297761,-0.0,-2.510383
-0.063944,0.0,2.63439
0.33589,0.0,-0.114359
-3.743391,-0.0,4.731264
1.88705,2.306009,-2.363543
1.88705,-2.306009,-2.363543
-0.301816,0.0,-2.481557
-0.061213,-0.0,2.634362
0.337954,-0.0,-0.112203
-3.743596,-0.0,4.707347
1.884956,2.308061,-2.360887
1.884956,-2.308061,-2.360887
-0.305666,0.0,-2.456575
-0.058697,-0.0,2.63304
0.339965,0.0,-0.110213
-3.738028,-0.0,4.682023
1.882452,2.307683,-2.357296
1.882452,-2.307683,-2.357296
-0.309147,-0.0,-2.433997
-0.056331,0.0,2.630706
0.341855,-0.0,-0.108491
-3.740486,0.0,4.650214
1.885725,2.312722,-2.358911
1.885725,-2.312722,-2.358911
-0.312297,0.0,-2.413107
-0.054119,0.0,2.626861
0.343634,-0.0,-0.107001
-3.747597,-0.0,4.622338
1.887055,2.315824,-2.358241
1.887055,-2.315824,-2.358241
-0.315266,-0.0,-2.39343
-0.052072,0.0,2.62087
0.345378,-0.0,-0.105629
-3.745306,0.0,4.619887
1.884576,2.317037,-2.355466
1.884576,-2.317037,-2.355466
-0.318059,-0.0,-2.3755
-0.050202,0.0,2.613381
0.347063,0.0,-0.104395
-3.740622,0.0,4.60121
1.883464,2.317346,-2.352603
1.883464,-2.317346,-2.352603
-0.320561,0.0,-2.360312
-0.048467,0.0,2.606643
0.348631,-0.0,-0.103372
-3.746791,0.0,4.580497
1.886743,2.321086,-2.353367
1.886743,-2.321086,-2.353367
-0.322819,0.0,-2.34705
-0.046863,-0.0,2.599766
0.350121,0.0,-0.10251
-3.751593,0.0,4.5672
1.886594,2.323634,-2.351656
1.886594,-2.323634,-2.351656
-0.324988,-0.0,-2.33346
-0.045403,0.0,2.591785
0.351604,0.0,-0.101699
-3.747448,0.0,4.567578
1.884094,2.324034,-2.349114
1.884094,-2.324034,-2.349114
-0.280874,0.0,-2.455131
-0.075094,-0.0,2.345806
0.326769,0.0,-0.124593
-3.731236,-0.0,4.983731
1.883175,2.288914,-2.366975
1.883175,-2.288914,-2.366975
-0.28698,-0.0,-2.408596
-0.071206,0.0,2.357703
0.32942,0.0,-0.120804
-3.737918,-0.0,4.919146
1.886199,2.293218,-2.368064
1.886199,-2.293218,-2.368064
-0.29264,-0.0,-2.365559
-0.067544,0.0,2.368863
0.331947,-0.0,-0.117384
-3.741038,-0.0,4.864546
1.885508,2.296913,-2.366589
1.885508,-2.296913,-2.366589
-0.298004,0.0,-2.327952
-0.064078,-0.0,2.377027
0.334414,-0.0,-0.114253
-3.735962,0.0,4.821083
1.882828,2.297934,-2.364182
1.882828,-2.297934,-2.364182
-0.302921,-0.0,-2.294185
-0.06081,-0.0,2.382146
0.336766,-0.0,-0.111465
-3.734523,-0.0,4.776044
1.88418,2.301451,-2.36398
1.88418,-2.301451,-2.36398
-0.307405,-0.0,-2.262793
-0.057762,-0.0,2.384541
0.338978,0.0,-0.109002
-3.742568,-0.0,4.732517
1.886819,2.305199,-2.364093
1.886819,-2.305199,-2.364093
-0.311559,0.0,-2.233592
-0.05493,0.0,2.384208
0.341087,-0.0,-0.106788
-3.742834,0.0,4.708214
1.884738,2.307294,-2.361408
1.884738,-2.307294,-2.361408
-0.315503,0.0,-2.208271
-0.052321,0.0,2.382325
0.34314,-0.0,-0.104744
-3.737319,-0.0,4.682745
1.882246,2.306953,-2.357791
1.882246,-2.306953,-2.357791
-0.319071,-0.0,-2.185383
-0.049867,-0.0,2.379499
0.34507,-0.0,-0.10297
-3.739823,-0.0,4.650727
1.88553,2.312028,-2.35938
1.88553,-2.312028,-2.35938
-0.322305,-0.0,-2.164201
-0.047572,0.0,2.375241
0.346888,-0.0,-0.101432
-3.746982,-0.0,4.622555
1.886871,2.315163,-2.358681
1.886871,-2.315163,-2.358681
-0.325353,0.0,-2.144244
-0.045447,-0.0,2.368926
0.34867,0.0,-0.100015
-3.744741,-0.0,4.619721
1.884402,2.316408,-2.355876
1.884402,-2.316408,-2.355876
-0.328222,-0.0,-2.126046
-0.043507,0.0,2.360818
0.350392,-0.0,-0.098739
-3.740103,0.0,4.600985
1.883301,2.316747,-2.352983
1.883301,-2.316747,-2.352983
-0.330793,-0.0,-2.11062
-0.041708,0.0,2.353425
0.351994,-0.0,-0.097679
-3.746308,0.0,4.580275
1.886589,2.320514,-2.353718
1.886589,-2.320514,-2.353718
-0.333115,0.0,-2.097143
-0.040048,0.0,2.346035
0.353515,-0.0,-0.096781
-3.751145,0.0,4.566849
1.88645,2.323087,-2.351981
1.88645,-2.323087,-2.351981
-0.335345,-0.0,-2.083354
-0.038538,0.0,2.337654
0.355027,-0.0,-0.095938
-3.747034,-0.0,4.567005
1.883957,2.323511,-2.349416
1.883957,-2.323511,-2.349416
-0.28983,0.0,-2.216332
-0.06951,0.0,2.101193
0.329577,-0.0,-0.119622
-3.730063,-0.0,4.986761
1.882844,2.2878,-2.367662
1.882844,-2.2878,-2.367662
-0.29607,-0.0,-2.169244
-0.06551,0.0,2.112862
0.332287,-0.0,-0.115748
-3.736819,-0.0,4.922004
1.885892,2.292174,-2.368728
1.885892,-2.292174,-2.368728
-0.301857,0.0,-2.125699
-0.061741,-0.0,2.12387
0.33487,-0.0,-0.11225
-3.740012,-0.0,4.867151
1.885221,2.295934,-2.367231
1.885221,-2.295934,-2.367231
-0.307342,-0.0,-2.087623
-0.058171,-0.0,2.132065
0.33739,0.0,-0.109045
-3.735006,0.0,4.823197
1.882559,2.297014,-2.364801
1.882559,-2.297014,-2.364801
-0.312372,0.0,-2.053419
-0.054803,-0.0,2.137057
0.339791,-0.0,-0.106188
-3.733627,-0.0,4.777722
1.883927,2.300584,-2.364575
1.883927,-2.300584,-2.364575
-0.316961,-0.0,-2.021621
-0.051659,-0.0,2.139224
0.342051,-0.0,-0.103661
-3.741727,0.0,4.733773
1.886582,2.304378,-2.36466
1.886582,-2.304378,-2.36466
-0.321215,0.0,-1.992044
-0.048734,-0.0,2.138628
0.344205,-0.0,-0.101389
-3.742054,-0.0,4.70905
1.884515,2.306516,-2.361947
1.884515,-2.306516,-2.361947
-0.325253,-0.0,-1.966383
-0.046037,-0.0,2.136235
0.346302,-0.0,-0.09929
-3.736593,-0.0,4.68343
1.882034,2.306214,-2.358302
1.882034,-2.306214,-2.358302
-0.32891,-0.0,-1.943182
-0.043501,0.0,2.132995
0.348274,-0.0,-0.097464
-3.739143,0.0,4.651211
1.885329,2.311325,-2.359865
1.885329,-2.311325,-2.359865
-0.332228,0.0,-1.921707
-0.041128,0.0,2.12843
0.350131,-0.0,-0.095877
-3.746348,-0.0,4.622752
1.886682,2.314494,-2.359136
1.886682,-2.314494,-2.359136
-0.335356,0.0,-1.901468
-0.038931,0.0,2.121906
0.351952,0.0,-0.094415
-3.744158,0.0,4.619548
1.884222,2.315771,-2.356299
1.884222,-2.315771,-2.356299
-0.338301,0.0,-1.883001
-0.036922,0.0,2.113361
0.35371,-0.0,-0.093097
-3.739565,-0.0,4.600687
1.883132,2.316139,-2.353374
1.883132,-2.316139,-2.353374
-0.340943,0.0,-1.867334
-0.035063,0.0,2.105416
0.355346,-0.0,-0.091999
-3.745807,0.0,4.579999
1.886431,2.319934,-2.35408
1.886431,-2.319934,-2.35408
-0.34333,-0.0,-1.853641
-0.033349,-0.0,2.097612
0.356898,0.0,-0.091066
-3.750682,-0.0,4.566458
1.886301,2.322533,-2.352317
1.886301,-2.322533,-2.352317
-0.34562,0.0,-1.839652
-0.03179,-0.0,2.088931
0.358441,-0.0,-0.090189
-3.746605,-0.0,4.566405
1.883817,2.322981,-2.349728
1.883817,-2.322981,-2.349728
-0.298695,0.0,-1.983777
-0.063673,-0.0,1.858309
0.332368,0.0,-0.114673
-3.728865,0.0,4.989746
1.882506,2.286669,-2.36836
1.882506,-2.286669,-2.36836
-0.305071,-0.0,-1.936131
-0.059571,0.0,1.869111
0.335138,-0.0,-0.110714
-3.735696,-0.0,4.924795
1.885578,2.291113,-2.369402
1.885578,-2.291113,-2.369402
-0.310986,-0.0,-1.892076
-0.055711,-0.0,1.879347
0.337778,0.0,-0.107136
-3.738966,-0.0,4.869756
1.884928,2.294939,-2.367882
1.884928,-2.294939,-2.367882
-0.316591,-0.0,-1.85353
-0.052062,0.0,1.887177
0.340352,0.0,-0.103856
-3.73403,0.0,4.825297
1.882284,2.296079,-2.365429
1.882284,-2.296079,-2.365429
-0.321735,0.0,-1.818888
-0.048622,-0.0,1.891819
0.342804,-0.0,-0.10093
-3.732712,-0.0,4.779381
1.883669,2.299703,-2.365178
1.883669,-2.299703,-2.365178
-0.326432,0.0,-1.786683
-0.045412,0.0,1.893726
0.345111,0.0,-0.098339
-3.74087,0.0,4.735015
1.886339,2.303546,-2.365237
1.886339,-2.303546,-2.365237
-0.330786,0.0,-1.75673
-0.042426,-0.0,1.893005
0.347312,0.0,-0.096007
-3.741259,-0.0,4.70988
1.884286,2.305728,-2.362495
1.884286,-2.305728,-2.362495
-0.33492,0.0,-1.730726
-0.039672,-0.0,1.890398
0.349453,-0.0,-0.093853
-3.735853,-0.0,4.684089
1.881817,2.305464,-2.358821
1.881817,-2.305464,-2.358821
-0.338666,0.0,-1.707211
-0.037082,-0.0,1.887109
0.351466,-0.0,-0.091975
-3.738449,0.0,4.65169
1.885125,2.310612,-2.360357
1.885125,-2.310612,-2.360357
-0.342069,0.0,-1.685442
-0.034657,0.0,1.882695
0.353364,-0.0,-0.090338
-3.745703,-0.0,4.622964
1.886489,2.313816,-2.359598
1.886489,-2.313816,-2.359598
-0.345278,-0.0,-1.664922
-0.032409,0.0,1.876478
0.355223,-0.0,-0.08883
-3.743562,0.0,4.619404
1.88404,2.315126,-2.35673
1.88404,-2.315126,-2.35673
-0.3483,-0.0,-1.646184
-0.030351,0.0,1.868092
0.357018,0.0,-0.08747
-3.739016,0.0,4.600353
1.88296,2.315523,-2.353771
1.88296,-2.315523,-2.353771
-0.351012,0.0,-1.630275
-0.028446,-0.0,1.860075
0.358688,-0.0,-0.086333
-3.745296,-0.0,4.579705
1.88627,2.319346,-2.354448
1.88627,-2.319346,-2.354448
-0.353465,-0.0,-1.616365
-0.026691,0.0,1.852319
0.360273,-0.0,-0.085364
-3.750209,-0.0,4.566064
1.88615,2.321972,-2.352658
1.88615,-2.321972,-2.352658
-0.355816,0.0,-1.602176
-0.025092,-0.0,1.843779
0.361846,-0.0,-0.084454
-3.746166,-0.0,4.565812
1.883673,2.322444,-2.350046
1.883673,-2.322444,-2.350046
-0.307469,0.0,-1.757345
-0.058095,-0.0,1.625283
0.335144,-0.0,-0.109749
-3.727641,-0.0,4.992677
1.88216,2.285518,-2.369068
1.88216,-2.285518,-2.369068
-0.313982,0.0,-1.709139
-0.053885,0.0,1.635699
0.337975,-0.0,-0.105703
-3.734551,0.0,4.927509
1.885257,2.290034,-2.370085
1.885257,-2.290034,-2.370085
-0.320026,-0.0,-1.664569
-0.049924,0.0,1.645463
0.340672,-0.0,-0.102045
-3.737898,0.0,4.872351
1.884628,2.293927,-2.368541
1.884628,-2.293927,-2.368541
-0.325753,0.0,-1.625553
-0.046179,0.0,1.6532
0.3433,-0.0,-0.09869
-3.733035,-0.0,4.827375
1.882002,2.295129,-2.366065
1.882002,-2.295129,-2.366065
-0.331012,-0.0,-1.590472
-0.042647,-0.0,1.657623
0.345804,-0.0,-0.095693
-3.731778,-0.0,4.781015
1.883404,2.298807,-2.365788
1.883404,-2.298807,-2.365788
-0.335816,0.0,-1.55786
-0.039349,0.0,1.659257
0.34816,0.0,-0.093037
-3.739995,0.0,4.736239
1.886092,2.3027,-2.36582
1.886092,-2.3027,-2.36582
-0.340273,-0.0,-1.527528
-0.036278,0.0,1.658281
0.350407,0.0,-0.090645
-3.740447,0.0,4.710706
1.884054,2.304927,-2.363049
1.884054,-2.304927,-2.363049
-0.344502,0.0,-1.501181
-0.033442,-0.0,1.65528
0.352592,0.0,-0.088435
-3.735099,0.0,4.684721
1.881597,2.304703,-2.359346
1.881597,-2.304703,-2.359346
-0.348339,0.0,-1.477351
-0.030777,0.0,1.651644
0.354648,0.0,-0.086504
-3.737744,0.0,4.652165
1.884917,2.30989,-2.360855
1.884917,-2.30989,-2.360855
-0.351827,-0.0,-1.455286
-0.02828,0.0,1.647018
0.356587,-0.0,-0.084817
-3.745046,-0.0,4.623192
1.886293,2.31313,-2.360065
1.886293,-2.31313,-2.360065
-0.355118,0.0,-1.434484
-0.025965,0.0,1.640712
0.358485,-0.0,-0.083262
-3.742955,-0.0,4.619293
1.883854,2.314472,-2.357166
1.883854,-2.314472,-2.357166
-0.358217,-0.0,-1.415475
-0.023843,0.0,1.632164
0.360318,0.0,-0.08186
-3.738455,0.0,4.599983
1.882785,2.3149,-2.354174
1.882785,-2.3149,-2.354174
-0.361001,-0.0,-1.399323
-0.021882,0.0,1.623682
0.362023,0.0,-0.080683
-3.744775,0.0,4.579394
1.886107,2.318752,-2.354821
1.886107,-2.318752,-2.354821
-0.363519,-0.0,-1.385195
-0.020075,0.0,1.615606
0.363639,0.0,-0.079679
-3.749726,0.0,4.565669
1.885996,2.321404,-2.353005
1.885996,-2.321404,-2.353005
-0.365933,-0.0,-1.370807
-0.01843,0.0,1.606867
0.365243,-0.0,-0.078735
-3.745718,0.0,4.565232
1.883527,2.321901,-2.350369
1.883527,-2.321901,-2.350369
-0.316152,-0.0,-1.536936
-0.052797,-0.0,1.399735
0.337903,0.0,-0.104851
-3.726399,0.0,4.995592
1.881805,2.28435,-2.369789
1.881805,-2.28435,-2.369789
-0.322803,-0.0,-1.488168
-0.048472,-0.0,1.409703
0.340797,0.0,-0.100717
-3.733388,-0.0,4.930181
1.884928,2.288938,-2.37078
1.884928,-2.288938,-2.37078
-0.328976,0.0,-1.443081
-0.044403,0.0,1.418848
0.343552,0.0,-0.096978
-3.736815,-0.0,4.874955
1.884321,2.2929,-2.369212
1.884321,-2.2929,-2.369212
-0.334826,0.0,-1.403595
-0.040554,-0.0,1.426419
0.346235,0.0,-0.093547
-3.732025,0.0,4.829452
1.881714,2.294164,-2.366713
1.881714,-2.294164,-2.366713
-0.340201,-0.0,-1.368075
-0.036924,-0.0,1.430563
0.34879,-0.0,-0.09048
-3.73083,0.0,4.782636
1.883134,2.297898,-2.366411
1.883134,-2.297898,-2.366411
-0.345114,-0.0,-1.335055
-0.03353,-0.0,1.431871
0.351196,0.0,-0.087758
-3.739106,-0.0,4.737447
1.885839,2.301841,-2.366415
1.885839,-2.301841,-2.366415
-0.349672,0.0,-1.304344
-0.030368,-0.0,1.430595
0.35349,-0.0,-0.085305
-3.739622,0.0,4.711523
1.883816,2.304115,-2.363615
1.883816,-2.304115,-2.363615
-0.353999,0.0,-1.277653
-0.027446,-0.0,1.427208
0.355721,-0.0,-0.083038
-3.734331,-0.0,4.685317
1.881371,2.303932,-2.359882
1.881371,-2.303932,-2.359882
-0.357928,-0.0,-1.253505
-0.024699,0.0,1.423194
0.35782,-0.0,-0.081053
-3.737025,-0.0,4.652622
1.884704,2.309158,-2.361362
1.884704,-2.309158,-2.361362
-0.361502,-0.0,-1.231144
-0.022125,0.0,1.418336
0.359799,-0.0,-0.079316
-3.744377,-0.0,4.62342
1.886092,2.312434,-2.360541
1.886092,-2.312434,-2.360541
-0.364874,-0.0,-1.210059
-0.019738,0.0,1.411923
0.361737,0.0,-0.077715
-3.742335,0.0,4.619196
1.883665,2.31381,-2.357611
1.883665,-2.31381,-2.357611
-0.368052,0.0,-1.190779
-0.017548,-0.0,1.403279
0.363608,0.0,-0.076269
-3.737881,0.0,4.599558
1.882606,2.314268,-2.354586
1.882606,-2.314268,-2.354586
-0.370908,-0.0,-1.174382
-0.015525,-0.0,1.394303
0.365348,0.0,-0.075053
-3.744241,-0.0,4.579048
1.88594,2.31815,-2.355202
1.88594,-2.31815,-2.355202
-0.373493,-0.0,-1.160036
-0.013664,0.0,1.385886
0.366998,0.0,-0.074012
-3.749232,-0.0,4.565255
1.885839,2.320829,-2.353359
1.885839,-2.320829,-2.353359
-0.375968,-0.0,-1.145448
-0.011968,-0.0,1.376933
0.368632,0.0,-0.073035
-3.745259,-0.0,4.564648
1.883378,2.321351,-2.350699
1.883378,-2.321351,-2.350699
-0.324743,0.0,-1.32245
-0.047431,-0.0,1.178702
0.340648,0.0,-0.099982
-3.725132,0.0,4.998477
1.881443,2.283163,-2.370522
1.881443,-2.283163,-2.370522
-0.331534,-0.0,-1.273117
-0.042997,0.0,1.188125
0.343605,0.0,-0.09576
-3.732203,0.0,4.932793
1.884591,2.287826,-2.371487
1.884591,-2.287826,-2.371487
-0.337838,-0.0,-1.227511
-0.038828,0.0,1.19656
0.346419,0.0,-0.091939
-3.735711,0.0,4.877492
1.884007,2.291857,-2.369893
1.884007,-2.291857,-2.369893
-0.343812,-0.0,-1.187555
-0.034889,-0.0,1.203847
0.349157,-0.0,-0.088432
-3.730995,0.0,4.831515
1.88142,2.293185,-2.36737
1.88142,-2.293185,-2.36737
-0.349303,0.0,-1.151597
-0.031174,-0.0,1.207699
0.351765,-0.0,-0.085293
-3.729865,-0.0,4.784235
1.882858,2.296976,-2.367043
1.882858,-2.296976,-2.367043
-0.354325,0.0,-1.118167
-0.027701,-0.0,1.208708
0.354221,0.0,-0.082505
-3.738201,-0.0,4.738634
1.885581,2.30097,-2.367019
1.885581,-2.30097,-2.367019
-0.358987,0.0,-1.087076
-0.024463,0.0,1.2072
0.356563,-0.0,-0.07999
-3.738781,0.0,4.71233
1.883573,2.303291,-2.36419
1.883573,-2.303291,-2.36419
-0.363412,0.0,-1.06004
-0.021468,-0.0,1.203556
0.35884,0.0,-0.077665
-3.733549,0.0,4.685878
1.881141,2.30315,-2.360426
1.881141,-2.30315,-2.360426
-0.367433,-0.0,-1.035574
-0.018653,0.0,1.199267
0.360982,-0.0,-0.075626
-3.736293,0.0,4.653064
1.884488,2.308415,-2.361876
1.884488,-2.308415,-2.361876
-0.371095,0.0,-1.012915
-0.016016,0.0,1.194302
0.363004,-0.0,-0.073838
-3.743695,-0.0,4.623651
1.885889,2.311729,-2.361025
1.885889,-2.311729,-2.361025
-0.374549,-0.0,-0.991547
-0.013569,-0.0,1.187929
0.364981,0.0,-0.072189
-3.741702,-0.0,4.619121
1.883471,2.31314,-2.358063
1.883471,-2.31314,-2.358063
-0.377806,0.0,-0.971997
-0.011323,-0.0,1.179419
0.36689,-0.0,-0.0707
-3.737294,0.0,4.599091
1.882423,2.313629,-2.355006
1.882423,-2.313629,-2.355006
-0.380734,-0.0,-0.955353
-0.009246,0.0,1.170093
0.368666,0.0,-0.069444
-3.743696,-0.0,4.578673
1.885769,2.31754,-2.355591
1.885769,-2.31754,-2.355591
-0.383386,-0.0,-0.940787
-0.007337,-0.0,1.161473
0.370349,0.0,-0.068367
-3.748727,-0.0,4.56483
1.885679,2.320247,-2.353719
1.885679,-2.320247,-2.353719
-0.385924,-0.0,-0.926
-0.005597,0.0,1.152448
0.372014,-0.0,-0.067355
-3.744789,0.0,4.564066
1.883226,2.320795,-2.351035
1.883226,-2.320795,-2.351035
-0.333243,0.0,-1.113756
-0.042276,0.0,0.963912
0.343379,-0.0,-0.095144
-3.723842,0.0,5.001336
1.881072,2.281958,-2.371267
1.881072,-2.281958,-2.371267
-0.340175,0.0,-1.063858
-0.037726,-0.0,0.97287
0.3464,-0.0,-0.090833
-3.730997,0.0,4.935349
1.884247,2.286696,-2.372206
1.884247,-2.286696,-2.372206
-0.346612,0.0,-1.017729
-0.033448,-0.0,0.980633
0.349274,0.0,-0.08693
-3.734588,0.0,4.87995
1.883687,2.290798,-2.370585
1.883687,-2.290798,-2.370585
-0.35271,-0.0,-0.977304
-0.029407,0.0,0.987565
0.352068,-0.0,-0.083346
-3.729948,-0.0,4.833565
1.881119,2.29219,-2.368039
1.881119,-2.29219,-2.368039
-0.358318,-0.0,-0.940908
-0.025594,0.0,0.991102
0.35473,-0.0,-0.080135
-3.728882,-0.0,4.785811
1.882576,2.296039,-2.367685
1.882576,-2.296039,-2.367685
-0.363451,0.0,-0.907068
-0.022026,-0.0,0.991753
0.357236,0.0,-0.077279
-3.73728,0.0,4.739799
1.885317,2.300086,-2.367633
1.885317,-2.300086,-2.367633
-0.368217,-0.0,-0.875596
-0.018698,0.0,0.989925
0.359626,-0.0,-0.074702
-3.737925,0.0,4.713125
1.883325,2.302455,-2.364774
1.883325,-2.302455,-2.364774
-0.372742,-0.0,-0.848214
-0.015616,0.0,0.985961
0.36195,0.0,-0.072318
-3.732753,-0.0,4.686399
1.880907,2.302357,-2.360979
1.880907,-2.302357,-2.360979
-0.376856,0.0,-0.823429
-0.012719,0.0,0.981275
0.364137,0.0,-0.070225
-3.735548,-0.0,4.653486
1.884267,2.307663,-2.362398
1.884267,-2.307663,-2.362398
-0.380605,-0.0,-0.800471
-0.010005,0.0,0.976066
0.3662,-0.0,-0.068385
-3.743,-0.0,4.623882
1.885681,2.311014,-2.361516
1.885681,-2.311014,-2.361516
-0.384143,0.0,-0.77882
-0.007488,-0.0,0.969587
0.368218,0.0,-0.066689
-3.741057,-0.0,4.619063
1.883275,2.312461,-2.358523
1.883275,-2.312461,-2.358523
-0.387478,0.0,-0.758999
-0.005175,-0.0,0.961077
0.370165,-0.0,-0.065155
-3.736694,0.0,4.598643
1.882237,2.312981,-2.355434
1.882237,-2.312981,-2.355434
-0.390481,-0.0,-0.742107
-0.003035,0.0,0.951321
0.371977,0.0,-0.063859
-3.743139,-0.0,4.578264
1.885596,2.316922,-2.355986
1.885596,-2.316922,-2.355986
-0.393199,0.0,-0.727322
-0.00107,0.0,0.942354
0.373694,0.0,-0.062745
-3.748211,-0.0,4.564389
1.885516,2.319658,-2.354087
1.885516,-2.319658,-2.354087
-0.395801,-0.0,-0.712336
0.00072,-0.0,0.933127
0.375391,0.0,-0.061697
-3.744309,0.0,4.563486
1.883071,2.320232,-2.351378
1.883071,-2.320232,-2.351378
-0.341654,-0.0,-0.910635
-0.0372,-0.0,0.754416
0.346095,0.0,-0.090335
-3.722531,-0.0,5.00418
1.880692,2.280736,-2.372027
1.880692,-2.280736,-2.372027
-0.348728,-0.0,-0.86017
-0.03253,0.0,0.762939
0.349181,-0.0,-0.085933
-3.729771,-0.0,4.937857
1.883895,2.28555,-2.372938
1.883895,-2.28555,-2.372938
-0.355298,0.0,-0.813515
-0.028139,0.0,0.770043
0.352116,0.0,-0.081946
-3.733448,-0.0,4.882334
1.883358,2.289723,-2.371291
1.883358,-2.289723,-2.371291
-0.361521,0.0,-0.772621
-0.023993,0.0,0.776539
0.354967,-0.0,-0.078285
-3.728884,-0.0,4.835605
1.880811,2.291181,-2.36872
1.880811,-2.291181,-2.36872
-0.367248,0.0,-0.735787
-0.020078,-0.0,0.779759
0.357682,-0.0,-0.075002
-3.727884,0.0,4.787364
1.882288,2.295088,-2.36834
1.882288,-2.295088,-2.36834
-0.372492,0.0,-0.701538
-0.016413,0.0,0.78004
0.36024,0.0,-0.072078
-3.736343,-0.0,4.74094
1.885048,2.299189,-2.368259
1.885048,-2.299189,-2.368259
-0.377363,0.0,-0.669684
-0.01299,-0.0,0.77787
0.36268,-0.0,-0.069437
-3.737055,-0.0,4.713904
1.883071,2.301608,-2.36537
1.883071,-2.301608,-2.36537
-0.381988,-0.0,-0.641954
-0.009818,-0.0,0.7736
0.365051,0.0,-0.066995
-3.731943,0.0,4.686877
1.880667,2.301553,-2.361543
1.880667,-2.301553,-2.361543
-0.386197,0.0,-0.616848
-0.006836,-0.0,0.76848
0.367283,-0.0,-0.064846
-3.73479,0.0,4.653884
1.884042,2.3069,-2.362931
1.884042,-2.3069,-2.362931
-0.390034,0.0,-0.59359
-0.004043,0.0,0.762992
0.369389,-0.0,-0.062955
-3.742293,-0.0,4.624107
1.885469,2.310291,-2.362017
1.885469,-2.310291,-2.362017
-0.393656,0.0,-0.571655
-0.001453,0.0,0.756371
0.371447,-0.0,-0.06121
-3.740399,0.0,4.619016
1.883074,2.311773,-2.358992
1.883074,-2.311773,-2.358992
-0.39707,-0.0,-0.551565
0.000929,0.0,0.747835
0.373433,-0.0,-0.059632
-3.736081,0.0,4.598213
1.882047,2.312325,-2.355871
1.882047,-2.312325,-2.355871
-0.400147,-0.0,-0.534423
0.003133,-0.0,0.737693
0.375282,-0.0,-0.058295
-3.742569,0.0,4.577813
1.885418,2.316297,-2.35639
1.885418,-2.316297,-2.35639
-0.402934,0.0,-0.519417
0.005156,-0.0,0.728351
0.377033,-0.0,-0.057143
-3.747683,0.0,4.563926
1.885349,2.319062,-2.354462
1.885349,-2.319062,-2.354462
-0.4056,-0.0,-0.504231
0.006999,0.0,0.7189
0.378761,0.0,-0.05606
-3.743818,0.0,4.562901
1.882913,2.319661,-2.351728
1.882913,-2.319661,-2.351728
-0.349973,-0.0,-0.712936
-0.032189,-0.0,0.548417
0.348795,0.0,-0.085553
-3.721195,-0.0,5.007013
1.880304,2.279496,-2.372801
1.880304,-2.279496,-2.372801
-0.35719,0.0,-0.661903
-0.027405,0.0,0.556517
0.351946,-0.0,-0.08106
-3.728522,-0.0,4.940319
1.883535,2.284387,-2.373684
1.883535,-2.284387,-2.373684
-0.363895,0.0,-0.61472
-0.022906,-0.0,0.56297
0.354943,-0.0,-0.076989
-3.732287,-0.0,4.884646
1.883023,2.288633,-2.372009
1.883023,-2.288633,-2.372009
-0.370245,0.0,-0.573356
-0.018661,0.0,0.568957
0.357852,-0.0,-0.07325
-3.727801,0.0,4.837637
1.880497,2.290157,-2.369413
1.880497,-2.290157,-2.369413
-0.37609,-0.0,-0.536084
-0.014652,0.0,0.571878
0.360622,0.0,-0.069893
-3.726867,-0.0,4.788894
1.881993,2.294124,-2.369007
1.881993,-2.294124,-2.369007
-0.381447,-0.0,-0.501425
-0.010897,0.0,0.571811
0.363232,0.0,-0.066901
-3.735389,-0.0,4.742056
1.884772,2.298279,-2.368896
1.884772,-2.298279,-2.368896
-0.386424,-0.0,-0.469188
-0.007388,-0.0,0.569327
0.365722,0.0,-0.064196
-3.736168,-0.0,4.714666
1.882812,2.300748,-2.365977
1.882812,-2.300748,-2.365977
-0.39115,0.0,-0.441109
-0.004134,0.0,0.564825
0.368141,-0.0,-0.061694
-3.731118,-0.0,4.687308
1.880422,2.300738,-2.362118
1.880422,-2.300738,-2.362118
-0.395454,0.0,-0.415681
-0.001074,-0.0,0.559295
0.370418,0.0,-0.059489
-3.734018,-0.0,4.654254
1.883811,2.306128,-2.363472
1.883811,-2.306128,-2.363472
-0.399381,0.0,-0.392121
0.001791,0.0,0.553556
0.372568,-0.0,-0.057546
-3.741572,-0.0,4.624323
1.885253,2.309558,-2.362526
1.885253,-2.309558,-2.362526
-0.403087,-0.0,-0.369901
0.004447,-0.0,0.546832
0.374667,-0.0,-0.055752
-3.739728,-0.0,4.618978
1.882869,2.311076,-2.35947
1.882869,-2.311076,-2.35947
-0.406581,0.0,-0.349543
0.006891,-0.0,0.538314
0.376692,-0.0,-0.054129
-3.735453,-0.0,4.597809
1.881853,2.31166,-2.356317
1.881853,-2.31166,-2.356317
-0.409733,-0.0,-0.332151
0.009155,-0.0,0.527917
0.378578,0.0,-0.052751
-3.741987,-0.0,4.577318
1.885238,2.315664,-2.356804
1.885238,-2.315664,-2.356804
-0.412588,0.0,-0.316923
0.011233,-0.0,0.518232
0.380363,0.0,-0.051561
-3.747142,-0.0,4.563442
1.885179,2.318458,-2.354844
1.885179,-2.318458,-2.354844
-0.415319,-0.0,-0.301536
0.013124,-0.0,0.508605
0.382125,-0.0,-0.050443
-3.743315,-0.0,4.562311
1.882751,2.319084,-2.352086
1.882751,-2.319084,-2.352086
-0.358204,0.0,-0.520533
-0.027109,0.0,0.346224
0.35148,-0.0,-0.080801
-3.71983,-0.0,5.009824
1.879907,2.278237,-2.373587
1.879907,-2.278237,-2.373587
-0.365565,-0.0,-0.468929
-0.022206,0.0,0.353769
0.354698,-0.0,-0.076215
-3.727248,-0.0,4.942723
1.883167,2.283206,-2.374441
1.883167,-2.283206,-2.374441
-0.372406,-0.0,-0.421217
-0.017601,0.0,0.359458
0.357758,0.0,-0.072059
-3.731102,-0.0,4.886872
1.88268,2.287525,-2.372737
1.88268,-2.287525,-2.372737
-0.378882,-0.0,-0.37938
-0.01326,0.0,0.364764
0.360725,0.0,-0.068241
-3.726696,-0.0,4.839652
1.880175,2.289116,-2.370116
1.880175,-2.289116,-2.370116
-0.384848,0.0,-0.341672
-0.009163,0.0,0.367336
0.363551,-0.0,-0.06481
-3.72583,-0.0,4.790396
1.881691,2.293144,-2.369683
1.881691,-2.293144,-2.369683
-0.390317,0.0,-0.306602
-0.005324,-0.0,0.366907
0.366213,0.0,-0.061749
-3.734417,-0.0,4.743143
1.88449,2.297355,-2.369542
1.88449,-2.297355,-2.369542
-0.395402,0.0,-0.27398
-0.001737,0.0,0.364133
0.368754,-0.0,-0.058979
-3.735264,-0.0,4.71541
1.882547,2.299876,-2.366592
1.882547,-2.299876,-2.366592
-0.40023,0.0,-0.24555
0.001591,-0.0,0.359465
0.371222,0.0,-0.056417
-3.730277,-0.0,4.687724
1.880173,2.299911,-2.3627
1.880173,-2.299911,-2.3627
-0.40463,0.0,-0.219799
0.004722,0.0,0.353625
0.373546,0.0,-0.054155
-3.733231,-0.0,4.654598
1.883577,2.305344,-2.364021
1.883577,-2.305344,-2.364021
-0.408648,0.0,-0.195936
0.007651,0.0,0.347723
0.375739,-0.0,-0.052159
-3.740837,-0.0,4.624533
1.885033,2.308815,-2.363043
1.885033,-2.308815,-2.363043
-0.412438,-0.0,-0.173431
0.010368,-0.0,0.341002
0.37788,-0.0,-0.050316
-3.739044,-0.0,4.618956
1.88266,2.31037,-2.359955
1.88266,-2.31037,-2.359955
-0.416013,-0.0,-0.152804
0.012867,0.0,0.332626
0.379944,0.0,-0.048648
-3.734814,0.0,4.597433
1.881655,2.310987,-2.35677
1.881655,-2.310987,-2.35677
-0.41924,0.0,-0.135162
0.015186,-0.0,0.322172
0.381868,0.0,-0.047229
-3.741392,-0.0,4.576786
1.885053,2.315023,-2.357223
1.885053,-2.315023,-2.357223
-0.422165,0.0,-0.119711
0.017314,0.0,0.312258
0.383688,-0.0,-0.046
-3.746591,-0.0,4.562941
1.885006,2.317846,-2.355233
1.885006,-2.317846,-2.355233
-0.424961,0.0,-0.104124
0.019251,-0.0,0.302566
0.385482,-0.0,-0.044846
-3.742802,-0.0,4.561725
1.882586,2.3185,-2.35245
1.882586,-2.3185,-2.35245
-0.366345,-0.0,-0.333366
-0.022194,-0.0,0.150844
0.354152,0.0,-0.076079
-3.718434,-0.0,5.012601
1.879501,2.276956,-2.374382
1.879501,-2.276956,-2.374382
-0.373851,-0.0,-0.28119
-0.017174,0.0,0.157917
0.357437,0.0,-0.0714
-3.725943,0.0,4.94506
1.88279,2.282006,-2.375208
1.88279,-2.282006,-2.375208
-0.380829,0.0,-0.232945
-0.012459,-0.0,0.162897
0.36056,-0.0,-0.067157
-3.729889,-0.0,4.889005
1.882329,2.286399,-2.373474
1.882329,-2.286399,-2.373474
-0.387434,-0.0,-0.190634
-0.008019,-0.0,0.167466
0.363587,0.0,-0.063259
-3.725567,-0.0,4.841641
1.879846,2.288059,-2.370826
1.879846,-2.288059,-2.370826
-0.39352,-0.0,-0.15249
-0.003829,0.0,0.169706
0.366468,0.0,-0.059754
-3.72477,-0.0,4.791862
1.881383,2.292149,-2.370366
1.881383,-2.292149,-2.370366
-0.399104,0.0,-0.117009
9.8e-05,-0.0,0.168906
0.369184,0.0,-0.056623
-3.733424,0.0,4.744198
1.884203,2.296417,-2.370195
1.884203,-2.296417,-2.370195
-0.404297,-0.0,-0.084
0.003769,-0.0,0.165809
0.371776,0.0,-0.053788
-3.734342,-0.0,4.716133
1.882277,2.29899,-2.367213
1.882277,-2.29899,-2.367213
-0.409228,0.0,-0.055219
0.007177,0.0,0.160929
0.374294,-0.0,-0.051164
-3.729419,-0.0,4.688136
1.879918,2.299072,-2.363288
1.879918,-2.299072,-2.363288
-0.413725,-0.0,-0.029143
0.010383,0.0,0.154762
0.376665,0.0,-0.048845
-3.73243,-0.0,4.654916
1.883338,2.304549,-2.364574
1.883338,-2.304549,-2.364574
-0.417833,0.0,-0.004977
0.013381,0.0,0.148623
0.378903,-0.0,-0.046796
-3.74009,-0.0,4.62474
1.884809,2.308062,-2.363564
1.884809,-2.308062,-2.363564
-0.421709,-0.0,0.017815
0.016161,0.0,0.141828
0.381085,-0.0,-0.044903
-3.738348,-0.0,4.618951
1.882449,2.309655,-2.360444
1.882449,-2.309655,-2.360444
-0.425365,0.0,0.03871
0.018719,-0.0,0.13352
0.383189,0.0,-0.043189
-3.734162,-0.0,4.597092
1.881454,2.310305,-2.357229
1.881454,-2.310305,-2.357229
-0.428668,0.0,0.056601
0.021097,-0.0,0.123025
0.385151,-0.0,-0.041728
-3.740785,-0.0,4.576219
1.884866,2.314373,-2.357647
1.884866,-2.314373,-2.357647
-0.431663,-0.0,0.072276
0.023279,-0.0,0.112808
0.387007,-0.0,-0.040461
-3.74603,-0.0,4.562428
1.88483,2.317227,-2.355627
1.88483,-2.317227,-2.355627
-0.434525,0.0,0.088064
0.025264,0.0,0.102985
0.388834,0.0,-0.03927
-3.74228,-0.0,4.561147
1.882419,2.317909,-2.352818
1.882419,-2.317909,-2.352818
-0.374399,0.0,-0.151317
-0.017537,-0.0,-0.038572
0.356813,-0.0,-0.071388
-3.71701,-0.0,5.015365
1.879086,2.275656,-2.37519
1.879086,-2.275656,-2.37519
-0.382048,0.0,-0.098567
-0.012394,-0.0,-0.031891
0.360162,-0.0,-0.066614
-3.724613,-0.0,4.947345
1.882405,2.280787,-2.375987
1.882405,-2.280787,-2.375987
-0.389163,0.0,-0.049786
-0.007564,-0.0,-0.027573
0.363349,-0.0,-0.062284
-3.728654,0.0,4.891055
1.88197,2.285255,-2.374222
1.88197,-2.285255,-2.374222
-0.395897,0.0,-0.006999
-0.003016,-0.0,-0.023808
0.366436,0.0,-0.058306
-3.724416,-0.0,4.843616
1.879511,2.286985,-2.371548
1.879511,-2.286985,-2.371548
-0.402105,0.0,0.031581
0.001275,-0.0,-0.0219
0.369374,-0.0,-0.054726
-3.723691,-0.0,4.793298
1.881069,2.291138,-2.371059
1.881069,-2.291138,-2.371059
-0.407804,-0.0,0.067473
0.005301,0.0,-0.023099
0.372144,0.0,-0.051523
-3.732412,-0.0,4.74522
1.883909,2.295464,-2.370857
1.883909,-2.295464,-2.370857
-0.413106,0.0,0.100869
0.009066,0.0,-0.026573
0.374789,-0.0,-0.048622
-3.733403,-0.0,4.716833
1.882002,2.29809,-2.367843
1.882002,-2.29809,-2.367843
-0.418141,0.0,0.130003
0.012564,-0.0,-0.031743
0.377357,-0.0,-0.045936
-3.728546,-0.0,4.688539
1.879658,2.298221,-2.363885
1.879658,-2.298221,-2.363885
-0.422737,0.0,0.156405
0.015857,-0.0,-0.038286
0.379776,-0.0,-0.04356
-3.731614,-0.0,4.6552
1.883095,2.303743,-2.365135
1.883095,-2.303743,-2.365135
-0.426937,0.0,0.180877
0.018934,0.0,-0.044763
0.382058,-0.0,-0.041457
-3.739329,-0.0,4.624932
1.884581,2.307298,-2.364092
1.884581,-2.307298,-2.364092
-0.430899,-0.0,0.203955
0.021786,-0.0,-0.051744
0.384283,0.0,-0.039514
-3.73764,-0.0,4.618955
1.882233,2.308931,-2.360941
1.882233,-2.308931,-2.360941
-0.434635,-0.0,0.225117
0.024411,0.0,-0.060096
0.386426,0.0,-0.037754
-3.733498,-0.0,4.596775
1.881249,2.309614,-2.357694
1.881249,-2.309614,-2.357694
-0.438015,-0.0,0.243258
0.026855,-0.0,-0.070652
0.388427,0.0,-0.03625
-3.740166,-0.0,4.575608
1.884674,2.313715,-2.358079
1.884674,-2.313715,-2.358079
-0.441082,0.0,0.259158
0.029096,-0.0,-0.081277
0.390319,0.0,-0.034944
-3.745458,-0.0,4.561894
1.884651,2.3166,-2.356028
1.884651,-2.3166,-2.356028
-0.44401,-0.0,0.275147
0.031136,0.0,-0.091328
0.392181,0.0,-0.033716
-3.741747,-0.0,4.560569
1.882249,2.317311,-2.353193
1.882249,-2.317311,-2.353193
-0.382375,-0.0,0.025765
-0.012822,0.0,-0.224031
0.359472,0.0,-0.066731
-3.715556,-0.0,5.018122
1.87866,2.274333,-2.376009
1.87866,-2.274333,-2.376009
-0.390156,-0.0,0.079098
-0.007558,-0.0,-0.21774
0.362875,-0.0,-0.061859
-3.723257,-0.0,4.949586
1.882011,2.279549,-2.376778
1.882011,-2.279549,-2.376778
-0.397407,-0.0,0.128418
-0.002614,0.0,-0.214078
0.366124,0.0,-0.05744
-3.727395,-0.0,4.893028
1.881604,2.284095,-2.374982
1.881604,-2.284095,-2.374982
-0.404271,0.0,0.171684
0.002038,-0.0,-0.21116
0.369271,0.0,-0.05338
-3.723245,0.0,4.845537
1.879168,2.285895,-2.37228
1.879168,-2.285895,-2.37228
-0.410602,0.0,0.210699
0.006428,-0.0,-0.20961
0.372267,-0.0,-0.049724
-3.722592,-0.0,4.794707
1.880747,2.290111,-2.371763
1.880747,-2.290111,-2.371763
-0.416416,-0.0,0.247003
0.010548,0.0,-0.211196
0.375092,-0.0,-0.046451
-3.731383,0.0,4.746211
1.883608,2.294496,-2.37153
1.883608,-2.294496,-2.37153
-0.421829,0.0,0.280787
0.014403,-0.0,-0.215033
0.37779,0.0,-0.043482
-3.732448,0.0,4.717509
1.88172,2.297178,-2.368482
1.88172,-2.297178,-2.368482
-0.426969,0.0,0.310277
0.017986,-0.0,-0.220475
0.380409,0.0,-0.040733
-3.727657,-0.0,4.688931
1.879393,2.297358,-2.364491
1.879393,-2.297358,-2.364491
-0.431664,0.0,0.337006
0.021361,-0.0,-0.227336
0.382877,-0.0,-0.038299
-3.730784,-0.0,4.655446
1.882846,2.302926,-2.365705
1.882846,-2.302926,-2.365705
-0.435956,0.0,0.361784
0.024513,0.0,-0.234138
0.385205,-0.0,-0.036142
-3.738554,-0.0,4.625107
1.884348,2.306524,-2.364627
1.884348,-2.306524,-2.364627
-0.440005,-0.0,0.385149
0.027432,-0.0,-0.241283
0.387471,0.0,-0.034148
-3.736918,-0.0,4.618961
1.882013,2.308196,-2.361445
1.882013,-2.308196,-2.361445
-0.443824,0.0,0.406579
0.030121,-0.0,-0.249648
0.389656,-0.0,-0.032341
-3.73282,0.0,4.596478
1.88104,2.308915,-2.358168
1.88104,-2.308915,-2.358168
-0.447281,0.0,0.424969
0.032626,0.0,-0.26014
0.391695,0.0,-0.030795
-3.739533,-0.0,4.574946
1.884479,2.313049,-2.358519
1.884479,-2.313049,-2.358519
-0.450419,0.0,0.441094
0.034926,0.0,-0.271149
0.393624,0.0,-0.029449
-3.744873,-0.0,4.561335
1.884468,2.315966,-2.356435
1.884468,-2.315966,-2.356435
-0.453414,-0.0,0.457286
0.037017,-0.0,-0.281394
0.39552,0.0,-0.028183
-3.741203,0.0,4.559986
1.882075,2.316706,-2.353574
1.882075,-2.316706,-2.353574
-0.39028,0.0,0.198064
-0.008088,0.0,-0.406213
0.362135,-0.0,-0.062106
-3.714062,0.0,5.020858
1.87822,2.272987,-2.376837
1.87822,-2.272987,-2.376837
-0.398187,0.0,0.251983
-0.002706,-0.0,-0.400338
0.365588,0.0,-0.057136
-3.721869,-0.0,4.951768
1.881606,2.278288,-2.377577
1.881606,-2.278288,-2.377577
-0.405564,-0.0,0.301851
0.002349,-0.0,-0.397364
0.368889,0.0,-0.052625
-3.726108,0.0,4.894913
1.881228,2.282914,-2.375752
1.881228,-2.282914,-2.375752
-0.412556,0.0,0.345602
0.007102,-0.0,-0.39532
0.372094,0.0,-0.048482
-3.722049,0.0,4.84735
1.878817,2.284786,-2.37302
1.878817,-2.284786,-2.37302
-0.419008,0.0,0.385053
0.011585,-0.0,-0.394225
0.375147,0.0,-0.04475
-3.721471,0.0,4.796084
1.880419,2.289068,-2.372475
1.880419,-2.289068,-2.372475
-0.42494,0.0,0.421769
0.015794,-0.0,-0.396192
0.378028,-0.0,-0.041404
-3.730333,0.0,4.747167
1.883302,2.293513,-2.37221
1.883302,-2.293513,-2.37221
-0.430464,0.0,0.455943
0.019735,-0.0,-0.400378
0.38078,0.0,-0.038367
-3.731474,0.0,4.718158
1.881433,2.296251,-2.369129
1.881433,-2.296251,-2.369129
-0.43571,0.0,0.48579
0.023397,-0.0,-0.406069
0.38345,0.0,-0.035555
-3.726751,-0.0,4.68931
1.879123,2.296481,-2.365104
1.879123,-2.296481,-2.365104
-0.440505,0.0,0.512848
0.026849,0.0,-0.413174
0.385967,0.0,-0.033062
-3.729938,-0.0,4.655655
1.882593,2.302096,-2.366281
1.882593,-2.302096,-2.366281
-0.444891,-0.0,0.537933
0.03007,0.0,-0.420271
0.388342,-0.0,-0.03085
-3.737766,-0.0,4.625265
1.884111,2.305739,-2.365168
1.884111,-2.305739,-2.365168
-0.449027,-0.0,0.561586
0.033052,0.0,-0.42754
0.390652,-0.0,-0.028806
-3.736183,0.0,4.618974
1.881789,2.307452,-2.361955
1.881789,-2.307452,-2.361955
-0.452928,0.0,0.583284
0.035799,-0.0,-0.435868
0.392876,0.0,-0.026952
-3.732131,-0.0,4.596208
1.880828,2.308206,-2.358647
1.880828,-2.308206,-2.358647
-0.456462,-0.0,0.601921
0.038363,0.0,-0.446193
0.394955,0.0,-0.025362
-3.738888,0.0,4.574282
1.88428,2.312374,-2.358965
1.88428,-2.312374,-2.358965
-0.459673,-0.0,0.618273
0.040718,0.0,-0.457498
0.396921,-0.0,-0.023976
-3.744278,0.0,4.560755
1.884281,2.315323,-2.356849
1.884281,-2.315323,-2.356849
-0.462736,-0.0,0.634669
0.042859,-0.0,-0.46789
0.398852,-0.0,-0.022672
-3.74065,0.0,4.559405
1.881899,2.316093,-2.353961
1.881899,-2.316093,-2.353961
-0.398075,0.0,0.365718
-0.003651,-0.0,-0.583106
0.364766,-0.0,-0.057503
-3.712542,-0.0,5.023602
1.877772,2.271626,-2.37768
1.877772,-2.271626,-2.37768
-0.406147,-0.0,0.420198
0.001857,0.0,-0.57754
0.368305,0.0,-0.052444
-3.720445,-0.0,4.9539
1.881188,2.277006,-2.378386
1.881188,-2.277006,-2.378386
-0.413646,0.0,0.470616
0.007029,-0.0,-0.575216
0.371656,-0.0,-0.047842
-3.724794,-0.0,4.896715
1.880842,2.281712,-2.376531
1.880842,-2.281712,-2.376531
-0.420756,-0.0,0.514861
0.011894,-0.0,-0.574046
0.37491,-0.0,-0.043613
-3.720831,-0.0,4.84906
1.878458,2.28366,-2.373771
1.878458,-2.28366,-2.373771
-0.427327,-0.0,0.554751
0.016482,-0.0,-0.573504
0.378016,-0.0,-0.039802
-3.72033,-0.0,4.79743
1.880083,2.288009,-2.373198
1.880083,-2.288009,-2.373198
-0.433375,0.0,0.591881
0.020793,-0.0,-0.575883
0.380953,0.0,-0.036383
-3.729265,0.0,4.748088
1.882988,2.292516,-2.3729
1.882988,-2.292516,-2.3729
-0.439011,0.0,0.626447
0.024831,0.0,-0.580475
0.383758,0.0,-0.033277
-3.730483,-0.0,4.718778
1.881139,2.295311,-2.369784
1.881139,-2.295311,-2.369784
-0.444364,-0.0,0.656653
0.028585,-0.0,-0.586494
0.386481,-0.0,-0.0304
-3.72583,0.0,4.689674
1.878847,2.295593,-2.365725
1.878847,-2.295593,-2.365725
-0.44926,0.0,0.684042
0.032124,-0.0,-0.593892
0.389048,-0.0,-0.027848
-3.729078,-0.0,4.655822
1.882335,2.301255,-2.366865
1.882335,-2.301255,-2.366865
-0.45374,-0.0,0.709435
0.035427,0.0,-0.601383
0.391469,0.0,-0.025581
-3.736964,-0.0,4.6254
1.88387,2.304943,-2.365717
1.88387,-2.304943,-2.365717
-0.457965,-0.0,0.733377
0.038482,-0.0,-0.608885
0.393823,-0.0,-0.023486
-3.735435,0.0,4.618986
1.881561,2.306698,-2.362472
1.881561,-2.306698,-2.362472
-0.461948,-0.0,0.755343
0.041297,-0.0,-0.617286
0.396089,-0.0,-0.021584
-3.731428,-0.0,4.595956
1.880611,2.307487,-2.359134
1.880611,-2.307487,-2.359134
-0.465561,-0.0,0.774226
0.043927,-0.0,-0.627543
0.398207,-0.0,-0.019951
-3.73823,-0.0,4.573653
1.884077,2.311689,-2.359419
1.884077,-2.311689,-2.359419
-0.468845,0.0,0.790807
0.046345,0.0,-0.639155
0.400211,-0.0,-0.018524
-3.74367,-0.0,4.560148
1.884091,2.314672,-2.357269
1.884091,-2.314672,-2.357269
-0.471977,0.0,0.807407
0.048542,0.0,-0.649792
0.402178,0.0,-0.017181
-3.740085,0.0,4.558819
1.881718,2.315473,-2.354354
1.881718,-2.315473,-2.354354
-0.405751,-0.0,0.528799
0.000813,0.0,-0.755232
0.367355,0.0,-0.052925
-3.711001,-0.0,5.026361
1.877317,2.27025,-2.378541
1.877317,-2.27025,-2.378541
-0.413995,-0.0,0.583842
0.006448,0.0,-0.750004
0.370987,-0.0,-0.047772
-3.718996,-0.0,4.955996
1.880761,2.275709,-2.37921
1.880761,-2.275709,-2.37921
-0.421653,-0.0,0.634788
0.011737,-0.0,-0.748317
0.374424,0.0,-0.043086
-3.723445,-0.0,4.89843
1.880443,2.28049,-2.377319
1.880443,-2.28049,-2.377319
-0.428883,-0.0,0.679525
0.016707,0.0,-0.748031
0.37773,-0.0,-0.038774
-3.719585,0.0,4.850659
1.878088,2.282511,-2.37453
1.878088,-2.282511,-2.37453
-0.435564,-0.0,0.719861
0.021395,0.0,-0.748144
0.38088,0.0,-0.034883
-3.719167,-0.0,4.798744
1.879738,2.286931,-2.373929
1.879738,-2.286931,-2.373929
-0.441723,-0.0,0.757408
0.025801,-0.0,-0.750931
0.383867,-0.0,-0.031388
-3.728178,-0.0,4.748972
1.882667,2.291502,-2.373599
1.882667,-2.291502,-2.373599
-0.447469,0.0,0.79237
0.029929,-0.0,-0.755915
0.386725,-0.0,-0.028213
-3.729475,0.0,4.719367
1.880839,2.294356,-2.370449
1.880839,-2.294356,-2.370449
-0.452929,0.0,0.822937
0.033769,-0.0,-0.762237
0.3895,-0.0,-0.02527
-3.724893,-0.0,4.690019
1.878565,2.29469,-2.366354
1.878565,-2.29469,-2.366354
-0.457927,-0.0,0.850659
0.037389,0.0,-0.769852
0.392117,0.0,-0.022658
-3.728202,-0.0,4.655942
1.882071,2.300402,-2.367457
1.882071,-2.300402,-2.367457
-0.462502,0.0,0.876362
0.040766,0.0,-0.777702
0.394585,-0.0,-0.020335
-3.736147,-0.0,4.625509
1.883623,2.304136,-2.366273
1.883623,-2.304136,-2.366273
-0.466816,-0.0,0.900594
0.043888,-0.0,-0.785391
0.396983,0.0,-0.018188
-3.734674,0.0,4.618995
1.881329,2.305933,-2.362997
1.881329,-2.305933,-2.362997
-0.470883,-0.0,0.922828
0.046765,-0.0,-0.79381
0.399291,0.0,-0.016238
-3.730712,0.0,4.595722
1.88039,2.306759,-2.359629
1.88039,-2.306759,-2.359629
-0.474574,0.0,0.941956
0.049455,-0.0,-0.803927
0.401449,0.0,-0.01456
-3.737558,-0.0,4.573057
1.883869,2.310996,-2.359881
1.883869,-2.310996,-2.359881
-0.477933,-0.0,0.958766
0.051932,0.0,-0.815701
0.403492,-0.0,-0.013092
-3.74305,0.0,4.559511
1.883898,2.314014,-2.357698
1.883898,-2.314014,-2.357698
-0.481135,0.0,0.975573
0.054183,0.0,-0.826528
0.405494,0.0,-0.011711
-3.739508,-0.0,4.558228
1.881535,2.314845,-2.354753
1.881535,-2.314845,-2.354753
-0.41333,-0.0,0.687324
0.005249,0.0,-0.92042
0.369924,-0.0,-0.048379
-3.709437,0.0,5.029112
1.876854,2.268854,-2.379415
1.876854,-2.268854,-2.379415
-0.421728,0.0,0.742943
0.011009,-0.0,-0.915805
0.37363,0.0,-0.043128
-3.717532,-0.0,4.95804
1.880328,2.274398,-2.38005
1.880328,-2.274398,-2.38005
-0.429547,-0.0,0.794423
0.016415,-0.0,-0.915121
0.377153,0.0,-0.038353
-3.722078,-0.0,4.900049
1.880037,2.279255,-2.378121
1.880037,-2.279255,-2.378121
-0.436933,-0.0,0.839635
0.021494,0.0,-0.916119
0.380544,0.0,-0.033962
-3.718312,-0.0,4.85212
1.877705,2.281344,-2.375296
1.877705,-2.281344,-2.375296
-0.443735,0.0,0.880407
0.026281,-0.0,-0.917419
0.383753,0.0,-0.029996
-3.717978,-0.0,4.799989
1.879382,2.285831,-2.374665
1.879382,-2.285831,-2.374665
-0.449997,0.0,0.918376
0.030782,0.0,-0.921075
0.386782,-0.0,-0.026425
-3.727072,0.0,4.749787
1.882338,2.290468,-2.374303
1.882338,-2.290468,-2.374303
-0.455846,0.0,0.953739
0.035002,-0.0,-0.926877
0.389685,0.0,-0.023177
-3.728454,-0.0,4.719898
1.880532,2.293384,-2.371119
1.880532,-2.293384,-2.371119
-0.46141,0.0,0.984672
0.038928,-0.0,-0.933859
0.392509,-0.0,-0.020167
-3.723944,0.0,4.690325
1.878277,2.293774,-2.366989
1.878277,-2.293774,-2.366989
-0.466509,-0.0,1.01273
0.04263,0.0,-0.941922
0.395176,0.0,-0.017494
-3.727316,0.0,4.656015
1.881803,2.299536,-2.368054
1.881803,-2.299536,-2.368054
-0.471179,0.0,1.038745
0.046083,0.0,-0.950283
0.397691,-0.0,-0.015115
-3.735322,-0.0,4.625585
1.883373,2.303317,-2.366833
1.883373,-2.303317,-2.366833
-0.475582,-0.0,1.063268
0.049273,0.0,-0.958217
0.400133,-0.0,-0.012915
-3.733904,0.0,4.619
1.881093,2.305157,-2.363526
1.881093,-2.305157,-2.363526
-0.479733,0.0,1.085769
0.052212,-0.0,-0.966609
0.402483,0.0,-0.010916
-3.729988,0.0,4.595511
1.880166,2.306021,-2.360127
1.880166,-2.306021,-2.360127
-0.483504,0.0,1.105143
0.054964,0.0,-0.976465
0.404681,-0.0,-0.009194
-3.736877,-0.0,4.572512
1.883659,2.310294,-2.360348
1.883659,-2.310294,-2.360348
-0.486938,-0.0,1.122183
0.057502,0.0,-0.988146
0.406763,0.0,-0.007684
-3.742422,-0.0,4.558858
1.883701,2.313347,-2.35813
1.883701,-2.313347,-2.35813
-0.49021,0.0,1.139196
0.059807,0.0,-0.998977
0.408802,-0.0,-0.006263
-3.738924,-0.0,4.557644
1.881349,2.314209,-2.355157
1.881349,-2.314209,-2.355157
