1.503,0.21,1.848,1.117,1.211,0.066,0.335,0.269,0.001,0.001,0.012,0.002,0.008,0.46,0.142,0.04,0.047,0.026,0.501,0.133,0.042,0.025,0.025,1.548,0.193,0.949,1.395,1.835,0.365,0.199,0.088,0.0,0.015,0.002,0.002,0.003,0.478,0.131,0.018,0.026,0.038,0.478,0.131,0.018,0.026,0.038
1.503,0.211,1.847,1.115,1.21,0.068,0.336,0.27,0.001,0.001,0.012,0.002,0.008,0.46,0.142,0.04,0.045,0.026,0.501,0.133,0.042,0.025,0.025,1.549,0.193,0.949,1.398,1.835,0.364,0.198,0.088,0.0,0.015,0.002,0.002,0.003,0.479,0.131,0.018,0.026,0.038,0.479,0.131,0.018,0.026,0.038
1.502,0.212,1.846,1.113,1.209,0.069,0.336,0.271,0.001,0.001,0.012,0.002,0.008,0.461,0.143,0.04,0.043,0.026,0.501,0.133,0.042,0.025,0.025,1.549,0.192,0.949,1.402,1.835,0.364,0.197,0.087,0.0,0.015,0.002,0.002,0.003,0.479,0.131,0.018,0.026,0.038,0.479,0.131,0.018,0.026,0.038
1.502,0.213,1.845,1.112,1.208,0.07,0.336,0.271,0.001,0.001,0.012,0.002,0.008,0.461,0.143,0.04,0.042,0.026,0.501,0.133,0.042,0.025,0.025,1.549,0.192,0.949,1.405,1.835,0.364,0.195,0.087,0.0,0.015,0.002,0.002,0.003,0.479,0.131,0.018,0.026,0.038,0.479,0.131,0.018,0.026,0.038
1.501,0.213,1.844,1.11,1.207,0.071,0.336,0.272,0.001,0.001,0.012,0.002,0.008,0.461,0.143,0.04,0.04,0.026,0.501,0.133,0.042,0.025,0.025,1.549,0.192,0.949,1.408,1.836,0.363,0.194,0.087,0.0,0.015,0.002,0.002,0.003,0.48,0.131,0.018,0.026,0.038,0.48,0.131,0.018,0.026,0.038
1.501,0.214,1.843,1.109,1.207,0.072,0.336,0.273,0.001,0.001,0.012,0.002,0.008,0.462,0.143,0.04,0.039,0.026,0.501,0.133,0.042,0.025,0.025,1.549,0.192,0.949,1.41,1.836,0.363,0.193,0.086,0.0,0.015,0.002,0.002,0.003,0.48,0.131,0.018,0.026,0.038,0.48,0.131,0.018,0.026,0.038
1.5,0.214,1.842,1.107,1.206,0.073,0.337,0.274,0.001,0.001,0.012,0.002,0.008,0.462,0.143,0.04,0.037,0.026,0.501,0.133,0.042,0.025,0.025,1.549,0.192,0.948,1.412,1.836,0.363,0.192,0.086,0.0,0.015,0.002,0.002,0.003,0.48,0.131,0.018,0.026,0.038,0.48,0.131,0.018,0.026,0.038
1.5,0.215,1.841,1.106,1.205,0.074,0.337,0.274,0.001,0.001,0.012,0.002,0.008,0.463,0.143,0.04,0.036,0.026,0.501,0.133,0.042,0.025,0.025,1.548,0.193,0.948,1.414,1.836,0.363,0.191,0.086,0.0,0.015,0.002,0.002,0.003,0.481,0.131,0.018,0.026,0.038,0.481,0.131,0.018,0.026,0.038
1.5,0.216,1.84,1.105,1.205,0.075,0.337,0.275,0.001,0.001,0.012,0.002,0.008,0.464,0.143,0.04,0.035,0.026,0.501,0.132,0.042,0.024,0.025,1.548,0.193,0.948,1.416,1.836,0.363,0.191,0.086,0.0,0.015,0.002,0.002,0.003,0.481,0.131,0.018,0.026,0.038,0.481,0.131,0.018,0.026,0.038
1.499,0.216,1.839,1.104,1.204,0.076,0.337,0.276,0.001,0.001,0.012,0.002,0.008,0.464,0.143,0.04,0.034,0.026,0.501,0.132,0.042,0.024,0.025,1.548,0.193,0.948,1.417,1.836,0.363,0.19,0.086,0.0,0.015,0.002,0.002,0.003,0.481,0.131,0.018,0.026,0.038,0.481,0.131,0.018,0.026,0.038
1.499,0.216,1.838,1.102,1.204,0.077,0.337,0.276,0.001,0.001,0.012,0.002,0.008,0.465,0.143,0.04,0.033,0.026,0.501,0.132,0.042,0.024,0.026,1.547,0.193,0.947,1.418,1.836,0.363,0.19,0.085,0.0,0.015,0.002,0.002,0.003,0.482,0.131,0.018,0.027,0.038,0.482,0.131,0.018,0.027,0.038
1.499,0.217,1.837,1.101,1.203,0.078,0.337,0.277,0.001,0.001,0.012,0.002,0.008,0.466,0.143,0.04,0.032,0.026,0.501,0.132,0.042,0.024,0.026,1.547,0.194,0.947,1.42,1.836,0.363,0.189,0.085,0.0,0.015,0.002,0.002,0.003,0.482,0.131,0.018,0.027,0.038,0.482,0.131,0.018,0.027,0.038
1.499,0.217,1.837,1.1,1.203,0.078,0.337,0.277,0.001,0.001,0.012,0.002,0.008,0.466,0.143,0.04,0.031,0.026,0.501,0.132,0.042,0.024,0.026,1.546,0.194,0.946,1.421,1.836,0.363,0.189,0.085,0.0,0.015,0.002,0.002,0.003,0.482,0.131,0.018,0.027,0.038,0.482,0.131,0.018,0.027,0.038
1.499,0.218,1.836,1.099,1.203,0.079,0.338,0.278,0.001,0.001,0.013,0.002,0.008,0.467,0.143,0.04,0.031,0.026,0.501,0.132,0.042,0.024,0.026,1.546,0.194,0.946,1.421,1.836,0.363,0.189,0.085,0.0,0.015,0.002,0.002,0.003,0.483,0.131,0.018,0.027,0.038,0.483,0.131,0.018,0.027,0.038
1.498,0.218,1.835,1.098,1.202,0.08,0.338,0.278,0.001,0.001,0.013,0.002,0.008,0.468,0.143,0.04,0.03,0.026,0.501,0.132,0.042,0.024,0.026,1.545,0.195,0.946,1.421,1.836,0.363,0.189,0.085,0.0,0.015,0.002,0.002,0.003,0.483,0.13,0.018,0.027,0.038,0.483,0.13,0.018,0.027,0.038
1.505,0.21,1.849,1.12,1.211,0.065,0.333,0.268,0.001,0.001,0.012,0.002,0.008,0.461,0.141,0.04,0.048,0.026,0.501,0.133,0.042,0.025,0.025,1.548,0.193,0.949,1.394,1.834,0.365,0.2,0.088,0.0,0.015,0.002,0.002,0.003,0.478,0.131,0.018,0.026,0.038,0.478,0.131,0.018,0.026,0.038
1.504,0.21,1.848,1.117,1.211,0.067,0.333,0.269,0.001,0.001,0.012,0.002,0.008,0.461,0.141,0.04,0.045,0.026,0.501,0.133,0.042,0.025,0.025,1.548,0.193,0.949,1.398,1.835,0.364,0.198,0.088,0.0,0.015,0.002,0.002,0.003,0.479,0.131,0.018,0.026,0.038,0.479,0.131,0.018,0.026,0.038
1.504,0.211,1.847,1.116,1.21,0.068,0.333,0.27,0.001,0.001,0.012,0.002,0.008,0.462,0.141,0.04,0.044,0.026,0.501,0.133,0.042,0.025,0.025,1.549,0.192,0.949,1.401,1.835,0.364,0.197,0.087,0.0,0.015,0.002,0.002,0.003,0.479,0.131,0.018,0.026,0.038,0.479,0.131,0.018,0.026,0.038
1.503,0.212,1.846,1.114,1.209,0.069,0.334,0.271,0.001,0.001,0.012,0.002,0.008,0.462,0.141,0.04,0.042,0.026,0.501,0.133,0.042,0.025,0.025,1.549,0.192,0.949,1.404,1.835,0.364,0.195,0.087,0.0,0.015,0.002,0.002,0.003,0.479,0.131,0.018,0.026,0.038,0.479,0.131,0.018,0.026,0.038
1.503,0.212,1.845,1.112,1.208,0.07,0.334,0.272,0.001,0.001,0.012,0.002,0.008,0.462,0.142,0.04,0.04,0.026,0.501,0.133,0.042,0.025,0.025,1.549,0.193,0.949,1.408,1.836,0.363,0.194,0.087,0.0,0.015,0.002,0.002,0.003,0.48,0.131,0.018,0.026,0.038,0.48,0.131,0.018,0.026,0.038
1.503,0.213,1.844,1.111,1.207,0.072,0.334,0.272,0.001,0.001,0.012,0.002,0.008,0.463,0.142,0.04,0.039,0.026,0.501,0.133,0.042,0.025,0.025,1.549,0.192,0.949,1.41,1.836,0.363,0.193,0.086,0.0,0.015,0.002,0.002,0.003,0.48,0.131,0.018,0.026,0.038,0.48,0.131,0.018,0.026,0.038
1.502,0.214,1.843,1.109,1.207,0.073,0.334,0.273,0.001,0.001,0.012,0.002,0.008,0.463,0.142,0.04,0.038,0.026,0.501,0.133,0.042,0.025,0.025,1.549,0.192,0.948,1.412,1.836,0.363,0.193,0.086,0.0,0.015,0.002,0.002,0.003,0.48,0.131,0.018,0.026,0.038,0.48,0.131,0.018,0.026,0.038
1.502,0.214,1.842,1.108,1.206,0.074,0.334,0.274,0.001,0.001,0.012,0.002,0.008,0.464,0.142,0.04,0.036,0.026,0.501,0.133,0.042,0.025,0.025,1.548,0.193,0.948,1.414,1.836,0.363,0.192,0.086,0.0,0.015,0.002,0.002,0.003,0.481,0.131,0.018,0.026,0.038,0.481,0.131,0.018,0.026,0.038
1.502,0.215,1.841,1.107,1.206,0.074,0.334,0.275,0.001,0.001,0.012,0.002,0.008,0.465,0.142,0.04,0.035,0.026,0.501,0.132,0.042,0.025,0.025,1.548,0.193,0.948,1.416,1.836,0.363,0.191,0.086,0.0,0.015,0.002,0.002,0.003,0.481,0.131,0.018,0.026,0.038,0.481,0.131,0.018,0.026,0.038
1.501,0.215,1.84,1.105,1.205,0.075,0.335,0.275,0.001,0.001,0.012,0.002,0.008,0.465,0.142,0.04,0.034,0.026,0.501,0.132,0.042,0.024,0.026,1.548,0.193,0.948,1.417,1.836,0.363,0.19,0.086,0.0,0.015,0.002,0.002,0.003,0.481,0.131,0.018,0.026,0.038,0.481,0.131,0.018,0.026,0.038
1.501,0.216,1.839,1.104,1.205,0.076,0.335,0.276,0.001,0.001,0.012,0.002,0.008,0.466,0.142,0.04,0.033,0.026,0.501,0.132,0.042,0.024,0.026,1.547,0.193,0.947,1.418,1.836,0.363,0.19,0.086,0.0,0.015,0.002,0.002,0.003,0.482,0.131,0.018,0.027,0.038,0.482,0.131,0.018,0.027,0.038
1.501,0.216,1.838,1.103,1.204,0.077,0.335,0.276,0.001,0.001,0.012,0.002,0.008,0.467,0.142,0.04,0.032,0.026,0.501,0.132,0.042,0.024,0.026,1.547,0.194,0.947,1.42,1.836,0.363,0.189,0.085,0.0,0.015,0.002,0.002,0.003,0.482,0.131,0.018,0.027,0.038,0.482,0.131,0.018,0.027,0.038
1.501,0.216,1.838,1.102,1.204,0.078,0.335,0.277,0.001,0.001,0.012,0.002,0.008,0.467,0.142,0.04,0.032,0.026,0.501,0.132,0.042,0.024,0.026,1.546,0.194,0.946,1.42,1.836,0.363,0.189,0.085,0.0,0.015,0.002,0.002,0.003,0.482,0.131,0.018,0.027,0.038,0.482,0.131,0.018,0.027,0.038
1.5,0.217,1.837,1.101,1.203,0.078,0.335,0.277,0.001,0.001,0.012,0.002,0.008,0.468,0.142,0.04,0.031,0.026,0.501,0.132,0.042,0.024,0.026,1.546,0.194,0.946,1.421,1.836,0.363,0.189,0.085,0.0,0.015,0.002,0.002,0.003,0.483,0.131,0.018,0.027,0.038,0.483,0.131,0.018,0.027,0.038
1.5,0.217,1.836,1.1,1.203,0.079,0.335,0.278,0.001,0.001,0.012,0.002,0.008,0.469,0.142,0.04,0.03,0.026,0.501,0.132,0.042,0.024,0.026,1.545,0.195,0.946,1.421,1.836,0.363,0.189,0.085,0.0,0.015,0.002,0.002,0.003,0.483,0.13,0.018,0.027,0.038,0.483,0.13,0.018,0.027,0.038
1.507,0.209,1.85,1.122,1.212,0.065,0.33,0.267,0.001,0.001,0.012,0.002,0.008,0.462,0.14,0.04,0.048,0.026,0.501,0.133,0.042,0.025,0.025,1.547,0.193,0.949,1.393,1.834,0.365,0.2,0.088,0.0,0.015,0.002,0.002,0.003,0.478,0.131,0.018,0.026,0.038,0.478,0.131,0.018,0.026,0.038
1.506,0.209,1.849,1.12,1.211,0.066,0.33,0.268,0.001,0.001,0.012,0.002,0.008,0.462,0.14,0.04,0.046,0.026,0.501,0.133,0.042,0.025,0.025,1.548,0.193,0.949,1.397,1.835,0.364,0.198,0.088,0.0,0.015,0.002,0.002,0.003,0.479,0.131,0.018,0.026,0.038,0.479,0.131,0.018,0.026,0.038
1.506,0.21,1.848,1.118,1.21,0.067,0.331,0.269,0.001,0.001,0.012,0.002,0.008,0.463,0.14,0.04,0.044,0.026,0.501,0.133,0.042,0.025,0.025,1.549,0.192,0.949,1.4,1.835,0.364,0.197,0.088,0.0,0.015,0.002,0.002,0.003,0.479,0.131,0.018,0.026,0.038,0.479,0.131,0.018,0.026,0.038
1.505,0.211,1.847,1.116,1.21,0.069,0.331,0.27,0.001,0.001,0.012,0.002,0.008,0.463,0.14,0.04,0.042,0.025,0.501,0.133,0.042,0.025,0.025,1.549,0.192,0.949,1.404,1.835,0.364,0.196,0.087,0.0,0.015,0.002,0.002,0.003,0.479,0.131,0.018,0.026,0.038,0.479,0.131,0.018,0.026,0.038
1.505,0.212,1.846,1.114,1.209,0.07,0.331,0.271,0.001,0.001,0.012,0.002,0.008,0.463,0.14,0.04,0.041,0.025,0.501,0.133,0.042,0.025,0.025,1.548,0.193,0.949,1.407,1.835,0.363,0.194,0.087,0.0,0.015,0.002,0.002,0.003,0.48,0.131,0.018,0.026,0.038,0.48,0.131,0.018,0.026,0.038
1.505,0.212,1.845,1.113,1.208,0.071,0.332,0.272,0.001,0.001,0.012,0.002,0.008,0.464,0.141,0.04,0.039,0.025,0.501,0.133,0.042,0.025,0.025,1.549,0.192,0.949,1.409,1.836,0.363,0.193,0.087,0.0,0.015,0.002,0.002,0.003,0.48,0.131,0.018,0.026,0.038,0.48,0.131,0.018,0.026,0.038
1.504,0.213,1.844,1.111,1.207,0.072,0.332,0.273,0.001,0.001,0.012,0.002,0.008,0.464,0.141,0.04,0.038,0.025,0.501,0.133,0.042,0.025,0.025,1.549,0.192,0.949,1.411,1.836,0.363,0.193,0.086,0.0,0.015,0.002,0.002,0.003,0.48,0.131,0.018,0.026,0.038,0.48,0.131,0.018,0.026,0.038
1.504,0.213,1.843,1.11,1.207,0.073,0.332,0.273,0.001,0.001,0.012,0.002,0.008,0.465,0.141,0.04,0.037,0.025,0.501,0.133,0.042,0.025,0.025,1.548,0.193,0.948,1.414,1.836,0.363,0.192,0.086,0.0,0.015,0.002,0.002,0.003,0.481,0.131,0.018,0.026,0.038,0.481,0.131,0.018,0.026,0.038
1.503,0.214,1.842,1.108,1.206,0.074,0.332,0.274,0.001,0.001,0.012,0.002,0.008,0.466,0.141,0.04,0.036,0.025,0.501,0.133,0.042,0.025,0.025,1.548,0.193,0.948,1.416,1.836,0.363,0.191,0.086,0.0,0.015,0.002,0.002,0.003,0.481,0.131,0.018,0.026,0.038,0.481,0.131,0.018,0.026,0.038
1.503,0.214,1.841,1.107,1.206,0.075,0.332,0.275,0.001,0.001,0.012,0.002,0.008,0.466,0.141,0.04,0.034,0.025,0.501,0.132,0.042,0.024,0.026,1.548,0.193,0.948,1.417,1.836,0.363,0.191,0.086,0.0,0.015,0.002,0.002,0.003,0.481,0.131,0.018,0.026,0.038,0.481,0.131,0.018,0.026,0.038
1.503,0.215,1.84,1.106,1.205,0.075,0.332,0.275,0.001,0.001,0.012,0.002,0.008,0.467,0.141,0.04,0.034,0.025,0.501,0.132,0.042,0.024,0.026,1.547,0.193,0.947,1.418,1.836,0.363,0.19,0.086,0.0,0.015,0.002,0.002,0.003,0.482,0.131,0.018,0.027,0.038,0.482,0.131,0.018,0.027,0.038
1.503,0.215,1.839,1.105,1.205,0.076,0.332,0.276,0.001,0.001,0.012,0.002,0.008,0.468,0.141,0.04,0.033,0.025,0.501,0.132,0.042,0.024,0.026,1.547,0.194,0.947,1.419,1.836,0.363,0.189,0.085,0.0,0.015,0.002,0.002,0.003,0.482,0.131,0.018,0.027,0.038,0.482,0.131,0.018,0.027,0.038
1.502,0.216,1.839,1.104,1.204,0.077,0.333,0.276,0.001,0.001,0.012,0.002,0.008,0.468,0.141,0.04,0.032,0.025,0.501,0.132,0.042,0.024,0.026,1.546,0.194,0.946,1.42,1.836,0.363,0.189,0.085,0.0,0.015,0.002,0.002,0.003,0.482,0.131,0.018,0.027,0.038,0.482,0.131,0.018,0.027,0.038
1.502,0.216,1.838,1.102,1.204,0.078,0.333,0.277,0.001,0.001,0.012,0.002,0.008,0.469,0.141,0.04,0.031,0.025,0.501,0.132,0.042,0.024,0.026,1.546,0.194,0.946,1.421,1.836,0.363,0.189,0.085,0.0,0.015,0.002,0.002,0.003,0.483,0.131,0.018,0.027,0.038,0.483,0.131,0.018,0.027,0.038
1.502,0.216,1.837,1.101,1.203,0.078,0.333,0.277,0.001,0.001,0.012,0.002,0.008,0.47,0.141,0.04,0.031,0.025,0.501,0.132,0.042,0.024,0.026,1.545,0.195,0.946,1.421,1.836,0.363,0.189,0.085,0.0,0.015,0.002,0.002,0.003,0.483,0.131,0.018,0.027,0.038,0.483,0.131,0.018,0.027,0.038
1.509,0.208,1.851,1.124,1.213,0.064,0.328,0.267,0.001,0.001,0.012,0.002,0.008,0.463,0.138,0.039,0.048,0.026,0.501,0.133,0.042,0.025,0.025,1.547,0.194,0.949,1.393,1.834,0.365,0.2,0.089,0.0,0.015,0.002,0.002,0.003,0.478,0.131,0.018,0.026,0.038,0.478,0.131,0.018,0.026,0.038
1.508,0.208,1.85,1.122,1.212,0.065,0.328,0.268,0.001,0.001,0.012,0.002,0.008,0.463,0.139,0.039,0.046,0.025,0.501,0.133,0.042,0.025,0.025,1.548,0.193,0.949,1.397,1.834,0.365,0.199,0.088,0.0,0.015,0.002,0.002,0.003,0.478,0.131,0.018,0.026,0.038,0.478,0.131,0.018,0.026,0.038
1.508,0.209,1.849,1.12,1.211,0.067,0.328,0.269,0.001,0.001,0.012,0.002,0.008,0.463,0.139,0.039,0.044,0.025,0.501,0.133,0.042,0.025,0.025,1.549,0.193,0.949,1.4,1.835,0.364,0.197,0.088,0.0,0.015,0.002,0.002,0.003,0.479,0.131,0.018,0.026,0.038,0.479,0.131,0.018,0.026,0.038
1.507,0.21,1.848,1.118,1.21,0.068,0.329,0.27,0.001,0.001,0.012,0.002,0.008,0.464,0.139,0.039,0.043,0.025,0.501,0.133,0.042,0.025,0.025,1.549,0.193,0.949,1.403,1.835,0.364,0.196,0.087,0.0,0.015,0.002,0.002,0.003,0.479,0.131,0.018,0.026,0.038,0.479,0.131,0.018,0.026,0.038
1.507,0.211,1.847,1.116,1.209,0.069,0.329,0.271,0.001,0.001,0.012,0.002,0.008,0.464,0.139,0.039,0.041,0.025,0.501,0.133,0.042,0.025,0.025,1.548,0.193,0.949,1.407,1.835,0.364,0.195,0.087,0.0,0.015,0.002,0.002,0.003,0.479,0.131,0.018,0.026,0.038,0.479,0.131,0.018,0.026,0.038
1.506,0.211,1.846,1.114,1.209,0.07,0.329,0.271,0.001,0.001,0.012,0.002,0.008,0.465,0.139,0.039,0.04,0.025,0.501,0.133,0.042,0.025,0.025,1.549,0.192,0.949,1.409,1.836,0.363,0.194,0.087,0.0,0.015,0.002,0.002,0.003,0.48,0.131,0.018,0.026,0.038,0.48,0.131,0.018,0.026,0.038
1.506,0.212,1.845,1.113,1.208,0.071,0.329,0.272,0.001,0.001,0.012,0.002,0.008,0.465,0.139,0.039,0.038,0.025,0.501,0.133,0.042,0.025,0.025,1.549,0.192,0.949,1.411,1.836,0.363,0.193,0.086,0.0,0.015,0.002,0.002,0.003,0.48,0.131,0.018,0.026,0.038,0.48,0.131,0.018,0.026,0.038
1.506,0.212,1.844,1.112,1.207,0.072,0.329,0.273,0.001,0.001,0.012,0.002,0.008,0.466,0.14,0.039,0.037,0.025,0.501,0.133,0.042,0.025,0.025,1.548,0.193,0.948,1.413,1.836,0.363,0.192,0.086,0.0,0.015,0.002,0.002,0.003,0.481,0.131,0.018,0.026,0.038,0.481,0.131,0.018,0.026,0.038
1.505,0.213,1.843,1.11,1.207,0.073,0.33,0.273,0.001,0.001,0.012,0.002,0.008,0.467,0.14,0.039,0.036,0.025,0.501,0.133,0.042,0.025,0.026,1.548,0.193,0.948,1.415,1.836,0.363,0.191,0.086,0.0,0.015,0.002,0.002,0.003,0.481,0.131,0.018,0.026,0.038,0.481,0.131,0.018,0.026,0.038
1.505,0.213,1.842,1.109,1.206,0.074,0.33,0.274,0.001,0.001,0.012,0.002,0.008,0.467,0.14,0.039,0.035,0.025,0.501,0.133,0.042,0.025,0.026,1.548,0.193,0.948,1.417,1.836,0.363,0.191,0.086,0.0,0.015,0.002,0.002,0.003,0.481,0.131,0.018,0.026,0.038,0.481,0.131,0.018,0.026,0.038
1.505,0.214,1.841,1.108,1.206,0.075,0.33,0.275,0.001,0.001,0.012,0.002,0.008,0.468,0.14,0.039,0.034,0.025,0.501,0.132,0.042,0.024,0.026,1.547,0.193,0.947,1.418,1.836,0.363,0.19,0.086,0.0,0.015,0.002,0.002,0.003,0.482,0.131,0.018,0.026,0.038,0.482,0.131,0.018,0.026,0.038
1.505,0.214,1.84,1.106,1.205,0.076,0.33,0.275,0.001,0.001,0.012,0.002,0.008,0.469,0.14,0.039,0.033,0.025,0.501,0.132,0.042,0.024,0.026,1.547,0.194,0.947,1.419,1.836,0.363,0.189,0.086,0.0,0.015,0.002,0.002,0.003,0.482,0.131,0.018,0.027,0.038,0.482,0.131,0.018,0.027,0.038
1.504,0.215,1.839,1.105,1.205,0.076,0.33,0.276,0.001,0.001,0.012,0.002,0.008,0.469,0.14,0.039,0.032,0.025,0.501,0.132,0.042,0.024,0.026,1.546,0.194,0.947,1.42,1.836,0.363,0.189,0.085,0.0,0.015,0.002,0.002,0.003,0.482,0.131,0.018,0.027,0.038,0.482,0.131,0.018,0.027,0.038
1.504,0.215,1.839,1.104,1.204,0.077,0.33,0.276,0.001,0.001,0.012,0.002,0.008,0.47,0.14,0.04,0.031,0.025,0.501,0.132,0.042,0.024,0.026,1.546,0.194,0.946,1.42,1.836,0.363,0.189,0.085,0.0,0.015,0.002,0.002,0.003,0.483,0.131,0.018,0.027,0.038,0.483,0.131,0.018,0.027,0.038
1.504,0.215,1.838,1.103,1.204,0.078,0.331,0.277,0.001,0.001,0.012,0.002,0.008,0.471,0.14,0.04,0.031,0.025,0.501,0.132,0.042,0.024,0.026,1.546,0.195,0.946,1.421,1.836,0.363,0.189,0.085,0.0,0.015,0.002,0.002,0.003,0.483,0.131,0.018,0.027,0.038,0.483,0.131,0.018,0.027,0.038
1.511,0.207,1.852,1.126,1.214,0.063,0.325,0.266,0.001,0.001,0.012,0.002,0.008,0.464,0.137,0.039,0.049,0.025,0.501,0.133,0.042,0.025,0.025,1.547,0.194,0.949,1.392,1.834,0.365,0.201,0.089,0.0,0.015,0.002,0.002,0.003,0.478,0.131,0.018,0.026,0.038,0.478,0.131,0.018,0.026,0.038
1.51,0.208,1.851,1.124,1.213,0.064,0.325,0.267,0.001,0.001,0.012,0.002,0.008,0.464,0.137,0.039,0.047,0.025,0.501,0.133,0.042,0.025,0.025,1.548,0.193,0.949,1.396,1.834,0.365,0.199,0.088,0.0,0.015,0.002,0.002,0.003,0.478,0.131,0.018,0.026,0.038,0.478,0.131,0.018,0.026,0.038
1.51,0.208,1.85,1.122,1.212,0.066,0.326,0.268,0.001,0.001,0.012,0.002,0.008,0.464,0.138,0.039,0.045,0.025,0.501,0.133,0.042,0.025,0.025,1.548,0.193,0.949,1.399,1.835,0.364,0.198,0.088,0.0,0.015,0.002,0.002,0.003,0.479,0.131,0.018,0.026,0.038,0.479,0.131,0.018,0.026,0.038
1.509,0.209,1.849,1.12,1.211,0.067,0.326,0.269,0.001,0.001,0.012,0.002,0.008,0.465,0.138,0.039,0.043,0.025,0.501,0.133,0.042,0.025,0.025,1.548,0.193,0.949,1.403,1.835,0.364,0.196,0.088,0.0,0.015,0.002,0.002,0.003,0.479,0.131,0.018,0.026,0.038,0.479,0.131,0.018,0.026,0.038
1.509,0.21,1.848,1.118,1.21,0.068,0.326,0.27,0.001,0.001,0.012,0.002,0.008,0.465,0.138,0.039,0.041,0.025,0.501,0.133,0.042,0.025,0.025,1.548,0.193,0.949,1.406,1.835,0.364,0.195,0.087,0.0,0.015,0.002,0.002,0.003,0.479,0.131,0.018,0.026,0.038,0.479,0.131,0.018,0.026,0.038
1.508,0.21,1.847,1.116,1.209,0.069,0.327,0.271,0.001,0.001,0.012,0.002,0.008,0.466,0.138,0.039,0.04,0.025,0.501,0.133,0.042,0.025,0.025,1.549,0.193,0.949,1.409,1.835,0.363,0.194,0.087,0.0,0.015,0.002,0.002,0.003,0.48,0.131,0.018,0.026,0.038,0.48,0.131,0.018,0.026,0.038
1.508,0.211,1.846,1.115,1.209,0.07,0.327,0.272,0.001,0.001,0.012,0.002,0.008,0.466,0.138,0.039,0.038,0.025,0.501,0.133,0.042,0.025,0.025,1.549,0.193,0.949,1.411,1.836,0.363,0.193,0.087,0.0,0.015,0.002,0.002,0.003,0.48,0.131,0.018,0.026,0.038,0.48,0.131,0.018,0.026,0.038
1.508,0.212,1.845,1.113,1.208,0.071,0.327,0.272,0.001,0.001,0.012,0.002,0.008,0.467,0.138,0.039,0.037,0.025,0.501,0.133,0.042,0.025,0.026,1.548,0.193,0.948,1.413,1.836,0.363,0.192,0.086,0.0,0.015,0.002,0.002,0.003,0.48,0.131,0.018,0.026,0.038,0.48,0.131,0.018,0.026,0.038
1.507,0.212,1.844,1.112,1.208,0.072,0.327,0.273,0.001,0.001,0.012,0.002,0.008,0.468,0.138,0.039,0.036,0.025,0.501,0.133,0.042,0.025,0.026,1.548,0.193,0.948,1.415,1.836,0.363,0.191,0.086,0.0,0.015,0.002,0.002,0.003,0.481,0.131,0.018,0.026,0.038,0.481,0.131,0.018,0.026,0.038
1.507,0.213,1.843,1.111,1.207,0.073,0.327,0.274,0.001,0.001,0.012,0.002,0.008,0.468,0.138,0.039,0.035,0.025,0.501,0.133,0.042,0.025,0.026,1.548,0.193,0.948,1.416,1.836,0.363,0.191,0.086,0.0,0.015,0.002,0.002,0.003,0.481,0.131,0.018,0.026,0.038,0.481,0.131,0.018,0.026,0.038
1.507,0.213,1.842,1.109,1.206,0.074,0.327,0.274,0.001,0.001,0.012,0.002,0.008,0.469,0.138,0.039,0.034,0.025,0.501,0.133,0.042,0.025,0.026,1.547,0.193,0.947,1.418,1.836,0.363,0.19,0.086,0.0,0.015,0.002,0.002,0.003,0.481,0.131,0.018,0.026,0.038,0.481,0.131,0.018,0.026,0.038
1.506,0.213,1.841,1.108,1.206,0.075,0.328,0.275,0.001,0.001,0.012,0.002,0.008,0.47,0.138,0.039,0.033,0.025,0.501,0.133,0.042,0.024,0.026,1.547,0.194,0.947,1.419,1.836,0.363,0.19,0.086,0.0,0.015,0.002,0.002,0.003,0.482,0.131,0.018,0.027,0.038,0.482,0.131,0.018,0.027,0.038
1.506,0.214,1.84,1.107,1.205,0.076,0.328,0.275,0.001,0.001,0.012,0.002,0.008,0.47,0.138,0.039,0.032,0.025,0.501,0.132,0.042,0.024,0.026,1.546,0.194,0.947,1.42,1.836,0.363,0.189,0.085,0.0,0.015,0.002,0.002,0.003,0.482,0.131,0.018,0.027,0.038,0.482,0.131,0.018,0.027,0.038
1.506,0.214,1.84,1.106,1.205,0.076,0.328,0.276,0.001,0.001,0.012,0.002,0.008,0.471,0.138,0.039,0.032,0.025,0.501,0.132,0.042,0.024,0.026,1.546,0.194,0.946,1.42,1.836,0.363,0.189,0.085,0.0,0.015,0.002,0.002,0.003,0.482,0.131,0.018,0.027,0.038,0.482,0.131,0.018,0.027,0.038
1.506,0.214,1.839,1.105,1.205,0.077,0.328,0.276,0.001,0.001,0.012,0.002,0.008,0.472,0.138,0.039,0.031,0.025,0.501,0.132,0.042,0.024,0.026,1.546,0.195,0.946,1.421,1.836,0.363,0.189,0.085,0.0,0.015,0.002,0.002,0.003,0.483,0.131,0.018,0.027,0.038,0.483,0.131,0.018,0.027,0.038
1.512,0.206,1.853,1.128,1.214,0.062,0.322,0.265,0.001,0.001,0.012,0.002,0.008,0.465,0.136,0.039,0.049,0.025,0.501,0.133,0.042,0.026,0.025,1.546,0.194,0.949,1.391,1.834,0.365,0.201,0.089,0.0,0.015,0.002,0.002,0.003,0.478,0.131,0.018,0.026,0.038,0.478,0.131,0.018,0.026,0.038
1.512,0.207,1.852,1.126,1.213,0.064,0.323,0.267,0.001,0.001,0.012,0.002,0.008,0.465,0.136,0.039,0.047,0.025,0.501,0.133,0.042,0.025,0.025,1.547,0.193,0.949,1.395,1.834,0.365,0.199,0.089,0.0,0.015,0.002,0.002,0.003,0.478,0.131,0.018,0.026,0.038,0.478,0.131,0.018,0.026,0.038
1.512,0.207,1.851,1.124,1.212,0.065,0.323,0.268,0.001,0.001,0.012,0.002,0.008,0.465,0.136,0.039,0.045,0.025,0.501,0.133,0.042,0.025,0.025,1.548,0.193,0.949,1.399,1.834,0.364,0.198,0.088,0.0,0.015,0.002,0.002,0.003,0.479,0.131,0.018,0.026,0.038,0.479,0.131,0.018,0.026,0.038
1.511,0.208,1.85,1.122,1.212,0.066,0.324,0.269,0.001,0.001,0.012,0.002,0.008,0.466,0.137,0.039,0.043,0.025,0.501,0.133,0.042,0.025,0.025,1.548,0.193,0.949,1.402,1.835,0.364,0.197,0.088,0.0,0.015,0.002,0.002,0.003,0.479,0.131,0.018,0.026,0.038,0.479,0.131,0.018,0.026,0.038
1.511,0.209,1.849,1.12,1.211,0.067,0.324,0.269,0.001,0.001,0.012,0.002,0.008,0.466,0.137,0.039,0.042,0.025,0.501,0.133,0.042,0.025,0.025,1.548,0.193,0.949,1.406,1.835,0.364,0.195,0.087,0.0,0.015,0.002,0.002,0.003,0.479,0.131,0.018,0.026,0.038,0.479,0.131,0.018,0.026,0.038
1.51,0.209,1.848,1.118,1.21,0.069,0.324,0.27,0.001,0.001,0.012,0.002,0.008,0.467,0.137,0.039,0.04,0.025,0.501,0.133,0.042,0.025,0.025,1.548,0.193,0.949,1.408,1.835,0.363,0.194,0.087,0.0,0.015,0.002,0.002,0.003,0.48,0.131,0.018,0.026,0.038,0.48,0.131,0.018,0.026,0.038
1.51,0.21,1.847,1.116,1.209,0.07,0.324,0.271,0.001,0.001,0.012,0.002,0.008,0.467,0.137,0.039,0.039,0.025,0.501,0.133,0.042,0.025,0.025,1.549,0.193,0.949,1.41,1.835,0.363,0.193,0.087,0.0,0.015,0.002,0.002,0.003,0.48,0.131,0.018,0.026,0.038,0.48,0.131,0.018,0.026,0.038
1.51,0.211,1.846,1.115,1.209,0.071,0.324,0.272,0.001,0.001,0.012,0.002,0.008,0.468,0.137,0.039,0.038,0.025,0.501,0.133,0.042,0.025,0.026,1.548,0.193,0.948,1.413,1.836,0.363,0.192,0.086,0.0,0.015,0.002,0.002,0.003,0.48,0.131,0.018,0.026,0.038,0.48,0.131,0.018,0.026,0.038
1.509,0.211,1.845,1.114,1.208,0.072,0.325,0.272,0.001,0.001,0.012,0.002,0.008,0.468,0.137,0.039,0.036,0.025,0.501,0.133,0.042,0.025,0.026,1.548,0.193,0.948,1.415,1.836,0.363,0.192,0.086,0.0,0.015,0.002,0.002,0.003,0.481,0.131,0.018,0.026,0.038,0.481,0.131,0.018,0.026,0.038
1.509,0.212,1.844,1.112,1.208,0.073,0.325,0.273,0.001,0.001,0.012,0.002,0.008,0.469,0.137,0.039,0.035,0.025,0.501,0.133,0.042,0.025,0.026,1.548,0.193,0.948,1.416,1.836,0.363,0.191,0.086,0.0,0.015,0.002,0.002,0.003,0.481,0.131,0.018,0.026,0.038,0.481,0.131,0.018,0.026,0.038
1.509,0.212,1.843,1.111,1.207,0.073,0.325,0.274,0.001,0.001,0.012,0.002,0.008,0.47,0.137,0.039,0.034,0.025,0.501,0.133,0.042,0.025,0.026,1.547,0.193,0.947,1.417,1.836,0.363,0.191,0.086,0.0,0.015,0.002,0.002,0.003,0.481,0.131,0.018,0.026,0.038,0.481,0.131,0.018,0.026,0.038
1.508,0.213,1.842,1.11,1.206,0.074,0.325,0.274,0.001,0.001,0.012,0.002,0.008,0.471,0.137,0.039,0.033,0.025,0.501,0.133,0.042,0.025,0.026,1.547,0.194,0.947,1.419,1.836,0.363,0.19,0.086,0.0,0.015,0.002,0.002,0.003,0.482,0.131,0.018,0.027,0.038,0.482,0.131,0.018,0.027,0.038
1.508,0.213,1.841,1.109,1.206,0.075,0.325,0.275,0.001,0.001,0.012,0.002,0.008,0.471,0.137,0.039,0.033,0.025,0.501,0.133,0.042,0.024,0.026,1.546,0.194,0.947,1.42,1.836,0.363,0.189,0.086,0.0,0.015,0.002,0.002,0.003,0.482,0.131,0.018,0.027,0.038,0.482,0.131,0.018,0.027,0.038
1.508,0.213,1.841,1.107,1.206,0.076,0.326,0.275,0.001,0.001,0.012,0.002,0.008,0.472,0.137,0.039,0.032,0.025,0.501,0.132,0.042,0.024,0.026,1.546,0.194,0.946,1.42,1.836,0.363,0.189,0.085,0.0,0.015,0.002,0.002,0.003,0.482,0.131,0.018,0.027,0.038,0.482,0.131,0.018,0.027,0.038
1.508,0.214,1.84,1.106,1.205,0.076,0.326,0.276,0.001,0.001,0.012,0.002,0.008,0.473,0.137,0.039,0.031,0.025,0.501,0.132,0.042,0.024,0.026,1.546,0.194,0.946,1.421,1.836,0.363,0.189,0.085,0.0,0.015,0.002,0.002,0.003,0.483,0.131,0.018,0.027,0.038,0.483,0.131,0.018,0.027,0.038
1.514,0.205,1.855,1.13,1.215,0.061,0.32,0.265,0.001,0.001,0.012,0.002,0.008,0.466,0.135,0.039,0.05,0.025,0.501,0.133,0.042,0.026,0.025,1.546,0.194,0.948,1.391,1.833,0.366,0.201,0.089,0.0,0.015,0.002,0.002,0.003,0.478,0.131,0.018,0.026,0.038,0.478,0.131,0.018,0.026,0.038
1.514,0.206,1.853,1.128,1.214,0.063,0.32,0.266,0.001,0.001,0.012,0.002,0.008,0.466,0.135,0.039,0.047,0.025,0.501,0.133,0.042,0.025,0.025,1.547,0.194,0.949,1.395,1.834,0.365,0.2,0.089,0.0,0.015,0.002,0.002,0.003,0.478,0.131,0.018,0.026,0.038,0.478,0.131,0.018,0.026,0.038
1.514,0.206,1.852,1.126,1.213,0.064,0.321,0.267,0.001,0.001,0.012,0.002,0.008,0.466,0.135,0.039,0.046,0.025,0.501,0.133,0.042,0.025,0.025,1.548,0.193,0.949,1.398,1.834,0.364,0.198,0.088,0.0,0.015,0.002,0.002,0.003,0.479,0.131,0.018,0.026,0.038,0.479,0.131,0.018,0.026,0.038
1.513,0.207,1.851,1.124,1.212,0.066,0.321,0.268,0.001,0.001,0.012,0.002,0.008,0.467,0.135,0.038,0.044,0.025,0.501,0.133,0.042,0.025,0.025,1.548,0.193,0.949,1.402,1.835,0.364,0.197,0.088,0.0,0.015,0.002,0.002,0.003,0.479,0.131,0.018,0.026,0.038,0.479,0.131,0.018,0.026,0.038
1.513,0.208,1.85,1.122,1.212,0.067,0.321,0.269,0.001,0.001,0.012,0.002,0.008,0.467,0.136,0.038,0.042,0.025,0.501,0.133,0.042,0.025,0.025,1.548,0.193,0.949,1.405,1.835,0.364,0.195,0.087,0.0,0.015,0.002,0.002,0.003,0.479,0.131,0.018,0.026,0.038,0.479,0.131,0.018,0.026,0.038
1.512,0.209,1.849,1.12,1.211,0.068,0.322,0.27,0.001,0.001,0.012,0.002,0.008,0.467,0.136,0.038,0.041,0.025,0.501,0.133,0.042,0.025,0.025,1.548,0.193,0.949,1.408,1.835,0.364,0.195,0.087,0.0,0.015,0.002,0.002,0.003,0.48,0.131,0.018,0.026,0.038,0.48,0.131,0.018,0.026,0.038
1.512,0.209,1.848,1.118,1.21,0.069,0.322,0.27,0.001,0.001,0.012,0.002,0.008,0.468,0.136,0.038,0.039,0.025,0.501,0.133,0.042,0.025,0.026,1.548,0.193,0.949,1.41,1.835,0.363,0.194,0.087,0.0,0.015,0.002,0.002,0.003,0.48,0.131,0.018,0.026,0.038,0.48,0.131,0.018,0.026,0.038
1.512,0.21,1.847,1.117,1.209,0.07,0.322,0.271,0.001,0.001,0.012,0.002,0.008,0.469,0.136,0.038,0.038,0.025,0.501,0.133,0.042,0.025,0.026,1.548,0.193,0.948,1.412,1.836,0.363,0.193,0.087,0.0,0.015,0.002,0.002,0.003,0.48,0.131,0.018,0.026,0.038,0.48,0.131,0.018,0.026,0.038
1.511,0.21,1.846,1.115,1.209,0.071,0.322,0.272,0.001,0.001,0.012,0.002,0.008,0.469,0.136,0.038,0.037,0.025,0.501,0.133,0.042,0.025,0.026,1.548,0.193,0.948,1.414,1.836,0.363,0.192,0.086,0.0,0.015,0.002,0.002,0.003,0.481,0.131,0.018,0.026,0.038,0.481,0.131,0.018,0.026,0.038
1.511,0.211,1.845,1.114,1.208,0.072,0.323,0.273,0.001,0.001,0.012,0.002,0.008,0.47,0.136,0.038,0.036,0.025,0.501,0.133,0.042,0.025,0.026,1.548,0.193,0.948,1.416,1.836,0.363,0.191,0.086,0.0,0.015,0.002,0.002,0.003,0.481,0.131,0.018,0.026,0.038,0.481,0.131,0.018,0.026,0.038
1.511,0.211,1.844,1.113,1.208,0.073,0.323,0.273,0.001,0.001,0.012,0.002,0.008,0.471,0.136,0.038,0.035,0.025,0.501,0.133,0.042,0.025,0.026,1.547,0.193,0.947,1.417,1.836,0.363,0.191,0.086,0.0,0.015,0.002,0.002,0.003,0.481,0.131,0.018,0.026,0.038,0.481,0.131,0.018,0.026,0.038
1.51,0.212,1.843,1.112,1.207,0.074,0.323,0.274,0.001,0.001,0.012,0.002,0.008,0.471,0.136,0.039,0.034,0.025,0.501,0.133,0.042,0.025,0.026,1.547,0.194,0.947,1.419,1.836,0.363,0.19,0.086,0.0,0.015,0.002,0.002,0.003,0.482,0.131,0.018,0.027,0.038,0.482,0.131,0.018,0.027,0.038
1.51,0.212,1.842,1.11,1.207,0.074,0.323,0.274,0.001,0.001,0.012,0.002,0.008,0.472,0.136,0.039,0.033,0.025,0.501,0.133,0.042,0.025,0.026,1.546,0.194,0.947,1.42,1.836,0.363,0.189,0.086,0.0,0.015,0.002,0.002,0.003,0.482,0.131,0.018,0.027,0.038,0.482,0.131,0.018,0.027,0.038
1.51,0.212,1.842,1.109,1.206,0.075,0.323,0.275,0.001,0.001,0.012,0.002,0.008,0.473,0.136,0.039,0.032,0.025,0.501,0.133,0.042,0.024,0.026,1.546,0.194,0.946,1.42,1.836,0.363,0.189,0.085,0.0,0.015,0.002,0.002,0.003,0.482,0.131,0.018,0.027,0.038,0.482,0.131,0.018,0.027,0.038
1.51,0.213,1.841,1.108,1.206,0.076,0.323,0.275,0.001,0.001,0.012,0.002,0.008,0.474,0.136,0.039,0.031,0.025,0.501,0.132,0.042,0.024,0.026,1.546,0.194,0.946,1.421,1.836,0.363,0.189,0.085,0.0,0.015,0.002,0.002,0.003,0.483,0.131,0.018,0.027,0.038,0.483,0.131,0.018,0.027,0.038
1.517,0.204,1.856,1.132,1.216,0.061,0.317,0.264,0.001,0.001,0.012,0.002,0.008,0.467,0.134,0.038,0.05,0.025,0.501,0.133,0.042,0.026,0.025,1.546,0.194,0.948,1.39,1.833,0.366,0.202,0.089,0.0,0.015,0.002,0.002,0.003,0.478,0.131,0.018,0.026,0.038,0.478,0.131,0.018,0.026,0.038
1.516,0.205,1.854,1.13,1.215,0.062,0.318,0.265,0.001,0.001,0.012,0.002,0.008,0.467,0.134,0.038,0.048,0.025,0.501,0.133,0.042,0.026,0.025,1.547,0.194,0.949,1.394,1.834,0.365,0.2,0.089,0.0,0.015,0.002,0.002,0.003,0.478,0.131,0.018,0.026,0.038,0.478,0.131,0.018,0.026,0.038
1.516,0.205,1.853,1.128,1.214,0.063,0.318,0.266,0.001,0.001,0.012,0.002,0.008,0.467,0.134,0.038,0.046,0.025,0.501,0.133,0.042,0.025,0.025,1.548,0.193,0.949,1.398,1.834,0.365,0.199,0.088,0.0,0.015,0.002,0.002,0.003,0.479,0.131,0.018,0.026,0.038,0.479,0.131,0.018,0.026,0.038
1.515,0.206,1.852,1.126,1.213,0.065,0.319,0.267,0.001,0.001,0.012,0.002,0.008,0.467,0.134,0.038,0.044,0.025,0.501,0.133,0.042,0.025,0.025,1.548,0.193,0.949,1.401,1.834,0.364,0.197,0.088,0.0,0.015,0.002,0.002,0.003,0.479,0.131,0.018,0.026,0.038,0.479,0.131,0.018,0.026,0.038
1.515,0.207,1.851,1.124,1.212,0.066,0.319,0.268,0.001,0.001,0.012,0.002,0.008,0.468,0.134,0.038,0.042,0.024,0.501,0.133,0.042,0.025,0.025,1.548,0.193,0.949,1.405,1.835,0.364,0.196,0.088,0.0,0.015,0.002,0.002,0.003,0.479,0.131,0.018,0.026,0.038,0.479,0.131,0.018,0.026,0.038
1.514,0.208,1.85,1.122,1.211,0.067,0.319,0.269,0.001,0.001,0.012,0.002,0.008,0.468,0.134,0.038,0.041,0.024,0.501,0.133,0.042,0.025,0.025,1.548,0.193,0.949,1.407,1.835,0.364,0.195,0.087,0.0,0.015,0.002,0.002,0.003,0.48,0.131,0.018,0.026,0.038,0.48,0.131,0.018,0.026,0.038
1.514,0.208,1.849,1.12,1.211,0.068,0.32,0.27,0.001,0.001,0.012,0.002,0.008,0.469,0.135,0.038,0.039,0.024,0.501,0.133,0.042,0.025,0.026,1.548,0.193,0.949,1.409,1.835,0.363,0.194,0.087,0.0,0.015,0.002,0.002,0.003,0.48,0.131,0.018,0.026,0.038,0.48,0.131,0.018,0.026,0.038
1.514,0.209,1.848,1.119,1.21,0.069,0.32,0.271,0.001,0.001,0.012,0.002,0.008,0.47,0.135,0.038,0.038,0.024,0.501,0.133,0.042,0.025,0.026,1.548,0.193,0.948,1.412,1.835,0.363,0.193,0.087,0.0,0.015,0.002,0.002,0.003,0.48,0.131,0.018,0.026,0.038,0.48,0.131,0.018,0.026,0.038
1.513,0.209,1.847,1.117,1.209,0.07,0.32,0.271,0.001,0.001,0.012,0.002,0.008,0.47,0.135,0.038,0.037,0.024,0.501,0.133,0.042,0.025,0.026,1.548,0.193,0.948,1.414,1.836,0.363,0.192,0.086,0.0,0.015,0.002,0.002,0.003,0.481,0.131,0.018,0.026,0.038,0.481,0.131,0.018,0.026,0.038
1.513,0.21,1.846,1.116,1.209,0.071,0.32,0.272,0.001,0.001,0.012,0.002,0.008,0.471,0.135,0.038,0.036,0.024,0.501,0.133,0.042,0.025,0.026,1.548,0.193,0.948,1.415,1.836,0.363,0.191,0.086,0.0,0.015,0.002,0.002,0.003,0.481,0.131,0.018,0.026,0.038,0.481,0.131,0.018,0.026,0.038
1.513,0.21,1.845,1.114,1.208,0.072,0.32,0.273,0.001,0.001,0.012,0.002,0.008,0.472,0.135,0.038,0.035,0.024,0.501,0.133,0.042,0.025,0.026,1.547,0.193,0.947,1.417,1.836,0.363,0.191,0.086,0.0,0.015,0.002,0.002,0.003,0.481,0.131,0.018,0.026,0.038,0.481,0.131,0.018,0.026,0.038
1.512,0.211,1.844,1.113,1.208,0.073,0.32,0.273,0.001,0.001,0.012,0.002,0.008,0.472,0.135,0.038,0.034,0.024,0.501,0.133,0.042,0.025,0.026,1.547,0.194,0.947,1.419,1.836,0.363,0.19,0.086,0.0,0.015,0.002,0.002,0.003,0.482,0.131,0.018,0.027,0.038,0.482,0.131,0.018,0.027,0.038
1.512,0.211,1.843,1.112,1.207,0.074,0.321,0.274,0.001,0.001,0.012,0.002,0.008,0.473,0.135,0.038,0.033,0.024,0.501,0.133,0.042,0.025,0.026,1.546,0.194,0.947,1.42,1.836,0.363,0.19,0.086,0.0,0.015,0.002,0.002,0.003,0.482,0.131,0.018,0.027,0.038,0.482,0.131,0.018,0.027,0.038
1.512,0.211,1.843,1.111,1.207,0.074,0.321,0.274,0.001,0.001,0.012,0.002,0.008,0.474,0.135,0.038,0.032,0.024,0.501,0.133,0.042,0.025,0.026,1.546,0.194,0.946,1.42,1.836,0.363,0.19,0.086,0.0,0.015,0.002,0.002,0.003,0.482,0.131,0.018,0.027,0.038,0.482,0.131,0.018,0.027,0.038
1.512,0.212,1.842,1.11,1.206,0.075,0.321,0.275,0.001,0.001,0.012,0.002,0.008,0.475,0.135,0.038,0.032,0.024,0.501,0.133,0.042,0.024,0.026,1.546,0.194,0.946,1.421,1.836,0.363,0.189,0.085,0.0,0.015,0.002,0.002,0.003,0.483,0.131,0.018,0.027,0.038,0.483,0.131,0.018,0.027,0.038
1.519,0.203,1.857,1.134,1.217,0.06,0.315,0.264,0.001,0.001,0.012,0.002,0.008,0.467,0.132,0.038,0.05,0.025,0.501,0.133,0.042,0.026,0.025,1.545,0.195,0.948,1.389,1.833,0.366,0.202,0.09,0.0,0.015,0.002,0.002,0.003,0.478,0.131,0.018,0.026,0.038,0.478,0.131,0.018,0.026,0.038
1.518,0.204,1.855,1.132,1.216,0.061,0.315,0.265,0.001,0.001,0.012,0.002,0.008,0.468,0.133,0.038,0.048,0.025,0.501,0.133,0.042,0.026,0.025,1.546,0.194,0.949,1.393,1.834,0.365,0.2,0.089,0.0,0.015,0.002,0.002,0.003,0.478,0.131,0.018,0.026,0.038,0.478,0.131,0.018,0.026,0.038
1.518,0.205,1.854,1.13,1.215,0.063,0.316,0.266,0.001,0.001,0.012,0.002,0.008,0.468,0.133,0.038,0.046,0.024,0.501,0.133,0.042,0.025,0.025,1.547,0.193,0.949,1.397,1.834,0.365,0.199,0.089,0.0,0.015,0.002,0.002,0.003,0.478,0.131,0.018,0.026,0.038,0.478,0.131,0.018,0.026,0.038
1.517,0.205,1.853,1.128,1.214,0.064,0.316,0.267,0.001,0.001,0.012,0.002,0.008,0.468,0.133,0.038,0.044,0.024,0.501,0.133,0.042,0.025,0.025,1.547,0.193,0.949,1.401,1.834,0.364,0.198,0.088,0.0,0.015,0.002,0.002,0.003,0.479,0.131,0.018,0.026,0.038,0.479,0.131,0.018,0.026,0.038
1.517,0.206,1.852,1.126,1.213,0.065,0.317,0.268,0.001,0.001,0.012,0.002,0.008,0.469,0.133,0.038,0.043,0.024,0.5,0.133,0.042,0.025,0.025,1.547,0.193,0.949,1.404,1.835,0.364,0.196,0.088,0.0,0.015,0.002,0.002,0.003,0.479,0.131,0.018,0.026,0.038,0.479,0.131,0.018,0.026,0.038
1.516,0.207,1.851,1.124,1.212,0.066,0.317,0.269,0.001,0.001,0.012,0.002,0.008,0.469,0.133,0.038,0.041,0.024,0.5,0.133,0.042,0.025,0.026,1.548,0.193,0.949,1.407,1.835,0.364,0.195,0.087,0.0,0.015,0.002,0.002,0.003,0.479,0.131,0.018,0.026,0.038,0.479,0.131,0.018,0.026,0.038
1.516,0.207,1.85,1.122,1.211,0.068,0.317,0.269,0.001,0.001,0.012,0.002,0.008,0.47,0.133,0.038,0.04,0.024,0.5,0.133,0.042,0.025,0.026,1.548,0.193,0.949,1.409,1.835,0.363,0.194,0.087,0.0,0.015,0.002,0.002,0.003,0.48,0.131,0.018,0.026,0.038,0.48,0.131,0.018,0.026,0.038
1.516,0.208,1.849,1.12,1.211,0.069,0.317,0.27,0.001,0.001,0.012,0.002,0.008,0.47,0.133,0.038,0.038,0.024,0.5,0.133,0.042,0.025,0.026,1.548,0.193,0.948,1.412,1.835,0.363,0.193,0.087,0.0,0.015,0.002,0.002,0.003,0.48,0.131,0.018,0.026,0.038,0.48,0.131,0.018,0.026,0.038
1.515,0.208,1.848,1.119,1.21,0.07,0.317,0.271,0.001,0.001,0.012,0.002,0.008,0.471,0.134,0.038,0.037,0.024,0.5,0.133,0.042,0.025,0.026,1.547,0.193,0.948,1.414,1.835,0.363,0.192,0.087,0.0,0.015,0.002,0.002,0.003,0.481,0.131,0.018,0.026,0.038,0.481,0.131,0.018,0.026,0.038
1.515,0.209,1.847,1.117,1.209,0.071,0.318,0.271,0.001,0.001,0.012,0.002,0.008,0.472,0.134,0.038,0.036,0.024,0.5,0.133,0.042,0.025,0.026,1.548,0.193,0.948,1.415,1.836,0.363,0.192,0.086,0.0,0.015,0.002,0.002,0.003,0.481,0.131,0.018,0.026,0.038,0.481,0.131,0.018,0.026,0.038
1.515,0.209,1.846,1.116,1.209,0.071,0.318,0.272,0.001,0.001,0.012,0.002,0.008,0.472,0.134,0.038,0.035,0.024,0.5,0.133,0.042,0.025,0.026,1.547,0.193,0.947,1.417,1.836,0.363,0.191,0.086,0.0,0.015,0.002,0.002,0.003,0.481,0.131,0.018,0.026,0.038,0.481,0.131,0.018,0.026,0.038
1.514,0.21,1.845,1.115,1.208,0.072,0.318,0.273,0.001,0.001,0.012,0.002,0.008,0.473,0.134,0.038,0.034,0.024,0.5,0.133,0.042,0.025,0.026,1.547,0.194,0.947,1.418,1.836,0.363,0.19,0.086,0.0,0.015,0.002,0.002,0.003,0.482,0.131,0.018,0.027,0.038,0.482,0.131,0.018,0.027,0.038
1.514,0.21,1.844,1.114,1.208,0.073,0.318,0.273,0.001,0.001,0.012,0.002,0.008,0.474,0.134,0.038,0.033,0.024,0.5,0.133,0.042,0.025,0.026,1.546,0.194,0.947,1.419,1.836,0.363,0.19,0.086,0.0,0.015,0.002,0.002,0.003,0.482,0.131,0.018,0.027,0.038,0.482,0.131,0.018,0.027,0.038
1.514,0.21,1.844,1.112,1.207,0.074,0.318,0.274,0.001,0.001,0.012,0.002,0.008,0.475,0.134,0.038,0.032,0.024,0.5,0.133,0.042,0.025,0.026,1.546,0.194,0.947,1.42,1.836,0.363,0.19,0.086,0.0,0.015,0.002,0.002,0.003,0.482,0.131,0.018,0.027,0.038,0.482,0.131,0.018,0.027,0.038
1.514,0.211,1.843,1.111,1.207,0.074,0.319,0.274,0.001,0.001,0.012,0.002,0.008,0.475,0.134,0.038,0.032,0.024,0.5,0.133,0.042,0.025,0.026,1.546,0.194,0.946,1.421,1.836,0.363,0.189,0.085,0.0,0.015,0.002,0.002,0.003,0.483,0.131,0.018,0.027,0.038,0.483,0.131,0.018,0.027,0.038
1.521,0.202,1.858,1.137,1.217,0.059,0.312,0.263,0.001,0.001,0.012,0.002,0.008,0.468,0.131,0.038,0.051,0.025,0.5,0.133,0.042,0.026,0.025,1.545,0.195,0.948,1.388,1.833,0.366,0.202,0.09,0.0,0.015,0.002,0.002,0.003,0.478,0.131,0.018,0.026,0.038,0.478,0.131,0.018,0.026,0.038
1.52,0.203,1.856,1.134,1.216,0.061,0.313,0.264,0.001,0.001,0.012,0.002,0.008,0.468,0.131,0.038,0.049,0.024,0.5,0.133,0.042,0.026,0.025,1.546,0.194,0.949,1.393,1.833,0.365,0.201,0.089,0.0,0.015,0.002,0.002,0.003,0.478,0.131,0.018,0.026,0.038,0.478,0.131,0.018,0.026,0.038
1.52,0.204,1.855,1.132,1.215,0.062,0.313,0.265,0.001,0.001,0.012,0.002,0.008,0.469,0.132,0.038,0.047,0.024,0.5,0.133,0.042,0.026,0.025,1.547,0.194,0.949,1.396,1.834,0.365,0.199,0.089,0.0,0.015,0.002,0.002,0.003,0.478,0.131,0.018,0.026,0.038,0.478,0.131,0.018,0.026,0.038
1.519,0.204,1.854,1.129,1.214,0.063,0.314,0.266,0.001,0.001,0.012,0.002,0.008,0.469,0.132,0.038,0.045,0.024,0.5,0.133,0.042,0.025,0.025,1.547,0.193,0.949,1.4,1.834,0.364,0.198,0.088,0.0,0.015,0.002,0.002,0.003,0.479,0.131,0.018,0.026,0.038,0.479,0.131,0.018,0.026,0.038
1.519,0.205,1.853,1.127,1.214,0.065,0.314,0.267,0.001,0.001,0.012,0.002,0.008,0.469,0.132,0.038,0.043,0.024,0.5,0.133,0.042,0.025,0.025,1.547,0.193,0.949,1.404,1.834,0.364,0.196,0.088,0.0,0.015,0.002,0.002,0.003,0.479,0.131,0.018,0.026,0.038,0.479,0.131,0.018,0.026,0.038
1.518,0.206,1.852,1.126,1.213,0.066,0.314,0.268,0.001,0.001,0.012,0.002,0.008,0.47,0.132,0.038,0.042,0.024,0.5,0.133,0.042,0.025,0.026,1.548,0.193,0.949,1.406,1.835,0.364,0.195,0.088,0.0,0.015,0.002,0.002,0.003,0.479,0.131,0.018,0.026,0.038,0.479,0.131,0.018,0.026,0.038
1.518,0.206,1.851,1.124,1.212,0.067,0.315,0.269,0.001,0.001,0.012,0.002,0.008,0.471,0.132,0.038,0.04,0.024,0.5,0.133,0.042,0.025,0.026,1.548,0.193,0.949,1.409,1.835,0.364,0.194,0.087,0.0,0.015,0.002,0.002,0.003,0.48,0.131,0.018,0.026,0.038,0.48,0.131,0.018,0.026,0.038
1.518,0.207,1.85,1.122,1.211,0.068,0.315,0.27,0.001,0.001,0.012,0.002,0.008,0.471,0.132,0.038,0.039,0.024,0.5,0.133,0.042,0.025,0.026,1.548,0.193,0.948,1.411,1.835,0.363,0.193,0.087,0.0,0.015,0.002,0.002,0.003,0.48,0.131,0.018,0.026,0.038,0.48,0.131,0.018,0.026,0.038
1.517,0.207,1.849,1.121,1.211,0.069,0.315,0.27,0.001,0.001,0.012,0.002,0.008,0.472,0.132,0.038,0.038,0.024,0.5,0.133,0.042,0.025,0.026,1.547,0.193,0.948,1.413,1.835,0.363,0.192,0.087,0.0,0.015,0.002,0.002,0.003,0.48,0.131,0.018,0.026,0.038,0.48,0.131,0.018,0.026,0.038
1.517,0.208,1.848,1.119,1.21,0.07,0.315,0.271,0.001,0.001,0.012,0.002,0.008,0.473,0.132,0.038,0.036,0.024,0.5,0.133,0.042,0.025,0.026,1.548,0.193,0.948,1.415,1.836,0.363,0.192,0.086,0.0,0.015,0.002,0.002,0.003,0.481,0.131,0.018,0.026,0.038,0.481,0.131,0.018,0.026,0.038
1.517,0.208,1.847,1.118,1.209,0.071,0.316,0.272,0.001,0.001,0.012,0.002,0.008,0.473,0.132,0.038,0.035,0.024,0.5,0.133,0.042,0.025,0.026,1.547,0.193,0.948,1.416,1.836,0.363,0.191,0.086,0.0,0.015,0.002,0.002,0.003,0.481,0.131,0.018,0.026,0.038,0.481,0.131,0.018,0.026,0.038
1.517,0.209,1.846,1.116,1.209,0.072,0.316,0.272,0.001,0.001,0.012,0.002,0.008,0.474,0.132,0.038,0.034,0.024,0.5,0.133,0.042,0.025,0.026,1.547,0.194,0.947,1.418,1.836,0.363,0.19,0.086,0.0,0.015,0.002,0.002,0.003,0.482,0.131,0.018,0.026,0.038,0.482,0.131,0.018,0.026,0.038
1.516,0.209,1.845,1.115,1.208,0.072,0.316,0.273,0.001,0.001,0.012,0.002,0.008,0.475,0.132,0.038,0.033,0.024,0.5,0.133,0.042,0.025,0.026,1.546,0.194,0.947,1.419,1.836,0.363,0.19,0.086,0.0,0.015,0.002,0.002,0.003,0.482,0.131,0.018,0.027,0.038,0.482,0.131,0.018,0.027,0.038
1.516,0.21,1.844,1.114,1.208,0.073,0.316,0.273,0.001,0.001,0.012,0.002,0.008,0.476,0.132,0.038,0.033,0.024,0.5,0.133,0.042,0.025,0.026,1.546,0.194,0.947,1.42,1.836,0.363,0.19,0.086,0.0,0.015,0.002,0.002,0.003,0.482,0.131,0.018,0.027,0.038,0.482,0.131,0.018,0.027,0.038
1.516,0.21,1.844,1.113,1.207,0.074,0.316,0.274,0.001,0.001,0.012,0.002,0.008,0.476,0.132,0.038,0.032,0.024,0.5,0.133,0.042,0.025,0.026,1.546,0.194,0.946,1.421,1.836,0.363,0.189,0.085,0.0,0.015,0.002,0.002,0.003,0.483,0.131,0.018,0.027,0.038,0.483,0.131,0.018,0.027,0.038
1.523,0.201,1.859,1.139,1.218,0.058,0.31,0.262,0.001,0.001,0.012,0.002,0.008,0.469,0.13,0.038,0.051,0.024,0.5,0.133,0.042,0.026,0.025,1.545,0.195,0.948,1.387,1.833,0.366,0.203,0.09,0.0,0.015,0.002,0.002,0.003,0.478,0.131,0.018,0.026,0.038,0.478,0.131,0.018,0.026,0.038
1.522,0.202,1.857,1.136,1.217,0.06,0.31,0.264,0.001,0.001,0.012,0.002,0.008,0.469,0.13,0.038,0.049,0.024,0.5,0.133,0.042,0.026,0.025,1.546,0.194,0.948,1.392,1.833,0.366,0.201,0.09,0.0,0.015,0.002,0.002,0.003,0.478,0.131,0.018,0.026,0.038,0.478,0.131,0.018,0.026,0.038
1.522,0.203,1.856,1.134,1.216,0.061,0.311,0.265,0.001,0.001,0.012,0.002,0.008,0.469,0.131,0.037,0.047,0.024,0.5,0.133,0.042,0.026,0.025,1.547,0.194,0.949,1.396,1.834,0.365,0.2,0.089,0.0,0.015,0.002,0.002,0.003,0.478,0.131,0.018,0.026,0.038,0.478,0.131,0.018,0.026,0.038
1.521,0.203,1.855,1.131,1.215,0.063,0.311,0.266,0.001,0.001,0.012,0.002,0.008,0.47,0.131,0.037,0.045,0.024,0.5,0.133,0.042,0.025,0.025,1.547,0.194,0.949,1.399,1.834,0.365,0.198,0.089,0.0,0.015,0.002,0.002,0.003,0.479,0.131,0.018,0.026,0.038,0.479,0.131,0.018,0.026,0.038
1.521,0.204,1.854,1.129,1.214,0.064,0.312,0.267,0.001,0.001,0.012,0.002,0.008,0.47,0.131,0.037,0.043,0.024,0.5,0.133,0.042,0.025,0.026,1.547,0.194,0.949,1.403,1.834,0.364,0.197,0.088,0.0,0.015,0.002,0.002,0.003,0.479,0.131,0.018,0.026,0.038,0.479,0.131,0.018,0.026,0.038
1.52,0.205,1.853,1.127,1.213,0.065,0.312,0.267,0.001,0.001,0.012,0.002,0.008,0.471,0.131,0.037,0.042,0.024,0.5,0.133,0.042,0.025,0.026,1.548,0.193,0.949,1.406,1.835,0.364,0.196,0.088,0.0,0.015,0.002,0.002,0.003,0.479,0.131,0.018,0.026,0.038,0.479,0.131,0.018,0.026,0.038
1.52,0.205,1.852,1.126,1.213,0.066,0.312,0.268,0.001,0.001,0.012,0.002,0.008,0.471,0.131,0.037,0.04,0.024,0.5,0.133,0.042,0.025,0.026,1.548,0.193,0.949,1.408,1.835,0.364,0.195,0.087,0.0,0.015,0.002,0.002,0.003,0.48,0.131,0.018,0.026,0.038,0.48,0.131,0.018,0.026,0.038
1.52,0.206,1.851,1.124,1.212,0.067,0.312,0.269,0.001,0.001,0.012,0.002,0.008,0.472,0.131,0.037,0.039,0.024,0.5,0.133,0.042,0.025,0.026,1.548,0.193,0.948,1.411,1.835,0.363,0.193,0.087,0.0,0.015,0.002,0.002,0.003,0.48,0.131,0.018,0.026,0.038,0.48,0.131,0.018,0.026,0.038
1.519,0.207,1.85,1.122,1.211,0.068,0.313,0.27,0.001,0.001,0.012,0.002,0.008,0.473,0.131,0.037,0.038,0.024,0.5,0.133,0.042,0.025,0.026,1.547,0.193,0.948,1.413,1.835,0.363,0.193,0.087,0.0,0.015,0.002,0.002,0.003,0.48,0.131,0.018,0.026,0.038,0.48,0.131,0.018,0.026,0.038
1.519,0.207,1.849,1.121,1.211,0.069,0.313,0.27,0.001,0.001,0.012,0.002,0.008,0.473,0.131,0.037,0.037,0.024,0.5,0.133,0.042,0.025,0.026,1.548,0.193,0.948,1.415,1.835,0.363,0.192,0.087,0.0,0.015,0.002,0.002,0.003,0.481,0.131,0.018,0.026,0.038,0.481,0.131,0.018,0.026,0.038
1.519,0.207,1.848,1.119,1.21,0.07,0.313,0.271,0.001,0.001,0.012,0.002,0.008,0.474,0.131,0.037,0.036,0.024,0.5,0.133,0.042,0.025,0.026,1.547,0.193,0.948,1.416,1.836,0.363,0.191,0.086,0.0,0.015,0.002,0.002,0.003,0.481,0.131,0.018,0.026,0.038,0.481,0.131,0.018,0.026,0.038
1.519,0.208,1.847,1.118,1.21,0.071,0.313,0.272,0.001,0.001,0.012,0.002,0.008,0.475,0.131,0.037,0.035,0.024,0.5,0.133,0.042,0.025,0.026,1.547,0.194,0.947,1.418,1.836,0.363,0.19,0.086,0.0,0.015,0.002,0.002,0.003,0.481,0.131,0.018,0.026,0.038,0.481,0.131,0.018,0.026,0.038
1.518,0.208,1.846,1.117,1.209,0.072,0.314,0.272,0.001,0.001,0.012,0.002,0.008,0.476,0.131,0.037,0.034,0.024,0.5,0.133,0.042,0.025,0.026,1.546,0.194,0.947,1.419,1.836,0.363,0.19,0.086,0.0,0.015,0.002,0.002,0.003,0.482,0.131,0.018,0.027,0.038,0.482,0.131,0.018,0.027,0.038
1.518,0.209,1.845,1.115,1.209,0.073,0.314,0.273,0.001,0.001,0.012,0.002,0.008,0.476,0.131,0.037,0.033,0.024,0.5,0.133,0.042,0.025,0.026,1.546,0.194,0.947,1.42,1.836,0.363,0.19,0.086,0.0,0.015,0.002,0.002,0.003,0.482,0.131,0.018,0.027,0.038,0.482,0.131,0.018,0.027,0.038
1.518,0.209,1.845,1.114,1.208,0.073,0.314,0.273,0.001,0.001,0.012,0.002,0.008,0.477,0.131,0.038,0.032,0.024,0.5,0.133,0.042,0.025,0.026,1.546,0.194,0.946,1.421,1.836,0.363,0.189,0.086,0.0,0.015,0.002,0.002,0.003,0.482,0.131,0.018,0.027,0.038,0.482,0.131,0.018,0.027,0.038
1.525,0.2,1.86,1.141,1.219,0.058,0.307,0.262,0.001,0.001,0.011,0.002,0.008,0.47,0.129,0.037,0.052,0.024,0.5,0.133,0.042,0.026,0.025,1.544,0.195,0.948,1.387,1.832,0.366,0.203,0.09,0.0,0.015,0.002,0.002,0.003,0.478,0.131,0.018,0.026,0.037,0.478,0.131,0.018,0.026,0.037
1.524,0.201,1.859,1.138,1.218,0.059,0.308,0.263,0.001,0.001,0.012,0.002,0.008,0.47,0.129,0.037,0.049,0.024,0.5,0.133,0.042,0.026,0.025,1.545,0.195,0.948,1.391,1.833,0.366,0.201,0.09,0.0,0.015,0.002,0.002,0.003,0.478,0.131,0.018,0.026,0.038,0.478,0.131,0.018,0.026,0.038
1.524,0.202,1.857,1.136,1.217,0.06,0.308,0.264,0.001,0.001,0.012,0.002,0.008,0.47,0.129,0.037,0.047,0.024,0.5,0.133,0.042,0.026,0.025,1.547,0.194,0.949,1.395,1.833,0.365,0.2,0.089,0.0,0.015,0.002,0.002,0.003,0.478,0.131,0.018,0.026,0.038,0.478,0.131,0.018,0.026,0.038
1.523,0.202,1.856,1.133,1.216,0.062,0.309,0.265,0.001,0.001,0.012,0.002,0.008,0.471,0.13,0.037,0.046,0.024,0.5,0.133,0.042,0.026,0.025,1.547,0.194,0.949,1.399,1.834,0.365,0.198,0.089,0.0,0.015,0.002,0.002,0.003,0.479,0.131,0.018,0.026,0.038,0.479,0.131,0.018,0.026,0.038
1.523,0.203,1.855,1.131,1.215,0.063,0.309,0.266,0.001,0.001,0.012,0.002,0.008,0.471,0.13,0.037,0.044,0.024,0.5,0.133,0.042,0.025,0.026,1.547,0.194,0.949,1.402,1.834,0.364,0.197,0.088,0.0,0.015,0.002,0.002,0.003,0.479,0.131,0.018,0.026,0.038,0.479,0.131,0.018,0.026,0.038
1.523,0.204,1.854,1.129,1.214,0.064,0.31,0.267,0.001,0.001,0.012,0.002,0.008,0.472,0.13,0.037,0.042,0.024,0.5,0.133,0.042,0.025,0.026,1.548,0.193,0.949,1.405,1.835,0.364,0.196,0.088,0.0,0.015,0.002,0.002,0.003,0.479,0.131,0.018,0.026,0.038,0.479,0.131,0.018,0.026,0.038
1.522,0.204,1.853,1.127,1.213,0.065,0.31,0.268,0.001,0.001,0.012,0.002,0.008,0.472,0.13,0.037,0.041,0.024,0.5,0.133,0.042,0.025,0.026,1.548,0.193,0.949,1.408,1.835,0.364,0.195,0.088,0.0,0.015,0.002,0.002,0.003,0.48,0.131,0.018,0.026,0.038,0.48,0.131,0.018,0.026,0.038
1.522,0.205,1.852,1.126,1.213,0.067,0.31,0.269,0.001,0.001,0.012,0.002,0.008,0.473,0.13,0.037,0.039,0.024,0.5,0.133,0.042,0.025,0.026,1.547,0.193,0.948,1.41,1.835,0.364,0.194,0.087,0.0,0.015,0.002,0.002,0.003,0.48,0.131,0.018,0.026,0.038,0.48,0.131,0.018,0.026,0.038
1.521,0.206,1.851,1.124,1.212,0.068,0.31,0.269,0.001,0.001,0.012,0.002,0.008,0.474,0.13,0.037,0.038,0.024,0.5,0.133,0.042,0.025,0.026,1.547,0.193,0.948,1.413,1.835,0.363,0.193,0.087,0.0,0.015,0.002,0.002,0.003,0.48,0.131,0.018,0.026,0.038,0.48,0.131,0.018,0.026,0.038
1.521,0.206,1.85,1.123,1.211,0.069,0.311,0.27,0.001,0.001,0.012,0.002,0.008,0.474,0.13,0.037,0.037,0.024,0.5,0.133,0.042,0.025,0.026,1.548,0.193,0.948,1.414,1.835,0.363,0.192,0.087,0.0,0.015,0.002,0.002,0.003,0.481,0.131,0.018,0.026,0.038,0.481,0.131,0.018,0.026,0.038
1.521,0.207,1.849,1.121,1.211,0.069,0.311,0.271,0.001,0.001,0.012,0.002,0.008,0.475,0.13,0.037,0.036,0.024,0.5,0.133,0.042,0.025,0.026,1.547,0.193,0.948,1.416,1.835,0.363,0.191,0.086,0.0,0.015,0.002,0.002,0.003,0.481,0.131,0.018,0.026,0.038,0.481,0.131,0.018,0.026,0.038
1.521,0.207,1.848,1.12,1.21,0.07,0.311,0.271,0.001,0.001,0.012,0.002,0.008,0.476,0.13,0.037,0.035,0.024,0.5,0.133,0.042,0.025,0.026,1.546,0.194,0.947,1.418,1.836,0.363,0.191,0.086,0.0,0.015,0.002,0.002,0.003,0.481,0.131,0.018,0.026,0.038,0.481,0.131,0.018,0.026,0.038
1.52,0.207,1.847,1.118,1.21,0.071,0.311,0.272,0.001,0.001,0.012,0.002,0.008,0.477,0.13,0.037,0.034,0.024,0.5,0.133,0.042,0.025,0.026,1.546,0.194,0.947,1.419,1.836,0.363,0.19,0.086,0.0,0.015,0.002,0.002,0.003,0.482,0.131,0.018,0.027,0.038,0.482,0.131,0.018,0.027,0.038
1.52,0.208,1.846,1.117,1.209,0.072,0.311,0.272,0.001,0.001,0.012,0.002,0.008,0.477,0.13,0.037,0.033,0.024,0.5,0.133,0.042,0.025,0.026,1.546,0.194,0.947,1.42,1.836,0.363,0.19,0.086,0.0,0.015,0.002,0.002,0.003,0.482,0.131,0.018,0.027,0.038,0.482,0.131,0.018,0.027,0.038
1.52,0.208,1.846,1.116,1.209,0.073,0.312,0.273,0.001,0.001,0.012,0.002,0.008,0.478,0.13,0.037,0.032,0.024,0.5,0.133,0.042,0.025,0.026,1.546,0.194,0.946,1.421,1.836,0.363,0.19,0.086,0.0,0.015,0.002,0.002,0.003,0.482,0.131,0.018,0.027,0.038,0.482,0.131,0.018,0.027,0.038
1.527,0.199,1.861,1.143,1.219,0.057,0.305,0.261,0.001,0.001,0.011,0.002,0.008,0.471,0.128,0.037,0.052,0.024,0.5,0.133,0.042,0.026,0.025,1.544,0.195,0.948,1.386,1.832,0.367,0.203,0.091,0.0,0.015,0.002,0.002,0.003,0.478,0.131,0.018,0.026,0.037,0.478,0.131,0.018,0.026,0.037
1.526,0.2,1.86,1.14,1.218,0.058,0.305,0.262,0.001,0.001,0.011,0.002,0.008,0.471,0.128,0.037,0.05,0.024,0.5,0.133,0.042,0.026,0.025,1.545,0.195,0.948,1.39,1.833,0.366,0.202,0.09,0.0,0.015,0.002,0.002,0.003,0.478,0.131,0.018,0.026,0.038,0.478,0.131,0.018,0.026,0.038
1.526,0.201,1.858,1.138,1.217,0.06,0.306,0.263,0.001,0.001,0.011,0.002,0.008,0.471,0.128,0.037,0.048,0.024,0.5,0.133,0.042,0.026,0.025,1.546,0.194,0.949,1.394,1.833,0.365,0.2,0.089,0.0,0.015,0.002,0.002,0.003,0.478,0.131,0.018,0.026,0.038,0.478,0.131,0.018,0.026,0.038
1.525,0.201,1.857,1.135,1.216,0.061,0.306,0.265,0.001,0.001,0.012,0.002,0.008,0.471,0.128,0.037,0.046,0.024,0.5,0.133,0.042,0.026,0.025,1.547,0.194,0.949,1.398,1.834,0.365,0.199,0.089,0.0,0.015,0.002,0.002,0.003,0.479,0.131,0.018,0.026,0.038,0.479,0.131,0.018,0.026,0.038
1.525,0.202,1.856,1.133,1.216,0.062,0.307,0.265,0.001,0.001,0.012,0.002,0.008,0.472,0.129,0.037,0.044,0.024,0.5,0.133,0.042,0.025,0.026,1.547,0.194,0.949,1.402,1.834,0.364,0.197,0.088,0.0,0.015,0.002,0.002,0.003,0.479,0.131,0.018,0.026,0.038,0.479,0.131,0.018,0.026,0.038
1.525,0.203,1.855,1.131,1.215,0.064,0.307,0.266,0.001,0.001,0.012,0.002,0.008,0.472,0.129,0.037,0.043,0.024,0.5,0.133,0.042,0.025,0.026,1.547,0.193,0.949,1.405,1.834,0.364,0.196,0.088,0.0,0.015,0.002,0.002,0.003,0.479,0.131,0.018,0.026,0.038,0.479,0.131,0.018,0.026,0.038
1.524,0.204,1.854,1.129,1.214,0.065,0.307,0.267,0.001,0.001,0.012,0.002,0.008,0.473,0.129,0.037,0.041,0.023,0.5,0.133,0.042,0.025,0.026,1.548,0.193,0.948,1.407,1.835,0.364,0.195,0.088,0.0,0.015,0.002,0.002,0.003,0.48,0.131,0.018,0.026,0.038,0.48,0.131,0.018,0.026,0.038
1.524,0.204,1.853,1.128,1.213,0.066,0.308,0.268,0.001,0.001,0.012,0.002,0.008,0.474,0.129,0.037,0.04,0.023,0.5,0.133,0.042,0.025,0.026,1.547,0.193,0.948,1.41,1.835,0.364,0.194,0.087,0.0,0.015,0.002,0.002,0.003,0.48,0.131,0.018,0.026,0.038,0.48,0.131,0.018,0.026,0.038
1.523,0.205,1.852,1.126,1.213,0.067,0.308,0.269,0.001,0.001,0.012,0.002,0.008,0.474,0.129,0.037,0.038,0.023,0.5,0.133,0.042,0.025,0.026,1.547,0.193,0.948,1.412,1.835,0.363,0.193,0.087,0.0,0.015,0.002,0.002,0.003,0.48,0.131,0.018,0.026,0.038,0.48,0.131,0.018,0.026,0.038
1.523,0.205,1.851,1.124,1.212,0.068,0.308,0.27,0.001,0.001,0.012,0.002,0.008,0.475,0.129,0.037,0.037,0.023,0.5,0.133,0.042,0.025,0.026,1.547,0.193,0.948,1.414,1.835,0.363,0.192,0.087,0.0,0.015,0.002,0.002,0.003,0.481,0.131,0.018,0.026,0.038,0.481,0.131,0.018,0.026,0.038
1.523,0.206,1.85,1.123,1.211,0.069,0.308,0.27,0.001,0.001,0.012,0.002,0.008,0.476,0.129,0.037,0.036,0.023,0.5,0.133,0.042,0.025,0.026,1.547,0.193,0.948,1.416,1.835,0.363,0.192,0.086,0.0,0.015,0.002,0.002,0.003,0.481,0.131,0.018,0.026,0.038,0.481,0.131,0.018,0.026,0.038
1.523,0.206,1.849,1.122,1.211,0.07,0.309,0.271,0.001,0.001,0.012,0.002,0.008,0.477,0.129,0.037,0.035,0.023,0.5,0.133,0.042,0.025,0.026,1.546,0.194,0.947,1.418,1.836,0.363,0.191,0.086,0.0,0.015,0.002,0.002,0.003,0.481,0.131,0.018,0.026,0.038,0.481,0.131,0.018,0.026,0.038
1.522,0.206,1.848,1.12,1.21,0.07,0.309,0.271,0.001,0.001,0.012,0.002,0.008,0.477,0.129,0.037,0.034,0.023,0.5,0.133,0.042,0.025,0.026,1.546,0.194,0.947,1.419,1.836,0.363,0.19,0.086,0.0,0.015,0.002,0.002,0.003,0.482,0.131,0.018,0.027,0.038,0.482,0.131,0.018,0.027,0.038
1.522,0.207,1.847,1.119,1.21,0.071,0.309,0.272,0.001,0.001,0.012,0.002,0.008,0.478,0.129,0.037,0.033,0.023,0.5,0.133,0.042,0.025,0.026,1.546,0.194,0.947,1.42,1.836,0.363,0.19,0.086,0.0,0.015,0.002,0.002,0.003,0.482,0.131,0.018,0.027,0.038,0.482,0.131,0.018,0.027,0.038
1.522,0.207,1.846,1.118,1.209,0.072,0.309,0.272,0.001,0.001,0.012,0.002,0.008,0.479,0.129,0.037,0.033,0.023,0.5,0.133,0.042,0.025,0.026,1.546,0.194,0.946,1.42,1.836,0.363,0.19,0.086,0.0,0.015,0.002,0.002,0.003,0.482,0.131,0.018,0.027,0.038,0.482,0.131,0.018,0.027,0.038
1.529,0.198,1.862,1.145,1.22,0.056,0.302,0.261,0.001,0.001,0.011,0.002,0.008,0.471,0.127,0.037,0.052,0.024,0.5,0.133,0.042,0.026,0.025,1.543,0.196,0.948,1.385,1.832,0.367,0.204,0.091,0.0,0.015,0.002,0.002,0.003,0.478,0.131,0.018,0.026,0.037,0.478,0.131,0.018,0.026,0.037
1.528,0.199,1.861,1.142,1.219,0.058,0.303,0.262,0.001,0.001,0.011,0.002,0.008,0.472,0.127,0.037,0.05,0.024,0.5,0.133,0.042,0.026,0.025,1.545,0.195,0.948,1.39,1.833,0.366,0.202,0.09,0.0,0.015,0.002,0.002,0.003,0.478,0.131,0.018,0.026,0.038,0.478,0.131,0.018,0.026,0.038
1.528,0.2,1.859,1.14,1.218,0.059,0.304,0.263,0.001,0.001,0.011,0.002,0.008,0.472,0.127,0.037,0.048,0.024,0.5,0.133,0.042,0.026,0.025,1.546,0.194,0.948,1.394,1.833,0.365,0.201,0.09,0.0,0.015,0.002,0.002,0.003,0.478,0.131,0.018,0.026,0.038,0.478,0.131,0.018,0.026,0.038
1.527,0.201,1.858,1.137,1.217,0.06,0.304,0.264,0.001,0.001,0.011,0.002,0.008,0.472,0.127,0.037,0.046,0.023,0.5,0.133,0.042,0.026,0.026,1.546,0.194,0.949,1.397,1.834,0.365,0.199,0.089,0.0,0.015,0.002,0.002,0.003,0.479,0.131,0.018,0.026,0.038,0.479,0.131,0.018,0.026,0.038
1.527,0.201,1.857,1.135,1.216,0.062,0.304,0.265,0.001,0.001,0.011,0.002,0.008,0.473,0.127,0.037,0.045,0.023,0.5,0.133,0.042,0.026,0.026,1.546,0.194,0.948,1.401,1.834,0.365,0.197,0.089,0.0,0.015,0.002,0.002,0.003,0.479,0.131,0.018,0.026,0.038,0.479,0.131,0.018,0.026,0.038
1.527,0.202,1.856,1.133,1.215,0.063,0.305,0.266,0.001,0.001,0.012,0.002,0.008,0.473,0.128,0.037,0.043,0.023,0.5,0.133,0.042,0.025,0.026,1.547,0.193,0.949,1.404,1.834,0.364,0.196,0.088,0.0,0.015,0.002,0.002,0.003,0.479,0.131,0.018,0.026,0.038,0.479,0.131,0.018,0.026,0.038
1.526,0.203,1.855,1.131,1.215,0.064,0.305,0.267,0.001,0.001,0.012,0.002,0.008,0.474,0.128,0.036,0.041,0.023,0.5,0.133,0.042,0.025,0.026,1.548,0.193,0.948,1.407,1.835,0.364,0.195,0.088,0.0,0.015,0.002,0.002,0.003,0.48,0.131,0.018,0.026,0.038,0.48,0.131,0.018,0.026,0.038
1.526,0.203,1.854,1.129,1.214,0.065,0.305,0.268,0.001,0.001,0.012,0.002,0.008,0.474,0.128,0.036,0.04,0.023,0.5,0.133,0.042,0.025,0.026,1.547,0.193,0.948,1.41,1.835,0.364,0.194,0.087,0.0,0.015,0.002,0.002,0.003,0.48,0.131,0.018,0.026,0.038,0.48,0.131,0.018,0.026,0.038
1.526,0.204,1.853,1.128,1.213,0.066,0.306,0.268,0.001,0.001,0.012,0.002,0.008,0.475,0.128,0.036,0.039,0.023,0.5,0.133,0.042,0.025,0.026,1.547,0.193,0.948,1.412,1.835,0.363,0.193,0.087,0.0,0.015,0.002,0.002,0.003,0.48,0.131,0.018,0.026,0.038,0.48,0.131,0.018,0.026,0.038
1.525,0.204,1.852,1.126,1.213,0.067,0.306,0.269,0.001,0.001,0.012,0.002,0.008,0.476,0.128,0.036,0.037,0.023,0.5,0.133,0.042,0.025,0.026,1.547,0.193,0.948,1.414,1.835,0.363,0.193,0.087,0.0,0.015,0.002,0.002,0.003,0.481,0.131,0.018,0.026,0.038,0.481,0.131,0.018,0.026,0.038
1.525,0.205,1.851,1.124,1.212,0.068,0.306,0.27,0.001,0.001,0.012,0.002,0.008,0.477,0.128,0.037,0.036,0.023,0.5,0.133,0.042,0.025,0.026,1.547,0.193,0.948,1.415,1.835,0.363,0.192,0.087,0.0,0.015,0.002,0.002,0.003,0.481,0.131,0.018,0.026,0.038,0.481,0.131,0.018,0.026,0.038
1.525,0.205,1.85,1.123,1.211,0.069,0.306,0.27,0.001,0.001,0.012,0.002,0.008,0.477,0.128,0.037,0.035,0.023,0.5,0.133,0.042,0.025,0.026,1.546,0.194,0.947,1.417,1.835,0.363,0.191,0.086,0.0,0.015,0.002,0.002,0.003,0.481,0.131,0.018,0.026,0.038,0.481,0.131,0.018,0.026,0.038
1.524,0.206,1.849,1.122,1.211,0.07,0.306,0.271,0.001,0.001,0.012,0.002,0.008,0.478,0.128,0.037,0.034,0.023,0.5,0.133,0.042,0.025,0.026,1.546,0.194,0.947,1.419,1.836,0.363,0.19,0.086,0.0,0.015,0.002,0.002,0.003,0.482,0.131,0.018,0.026,0.038,0.482,0.131,0.018,0.026,0.038
1.524,0.206,1.848,1.12,1.21,0.071,0.307,0.271,0.001,0.001,0.012,0.002,0.008,0.479,0.128,0.037,0.033,0.023,0.5,0.133,0.042,0.025,0.026,1.546,0.194,0.947,1.419,1.836,0.363,0.19,0.086,0.0,0.015,0.002,0.002,0.003,0.482,0.131,0.018,0.027,0.038,0.482,0.131,0.018,0.027,0.038
1.524,0.206,1.847,1.119,1.21,0.071,0.307,0.272,0.001,0.001,0.012,0.002,0.008,0.48,0.128,0.037,0.033,0.023,0.5,0.133,0.042,0.025,0.026,1.546,0.194,0.946,1.42,1.836,0.363,0.19,0.086,0.0,0.015,0.002,0.002,0.003,0.482,0.131,0.018,0.027,0.038,0.482,0.131,0.018,0.027,0.038
1.531,0.197,1.863,1.147,1.221,0.055,0.3,0.26,0.001,0.001,0.011,0.002,0.008,0.472,0.126,0.037,0.053,0.024,0.5,0.133,0.042,0.026,0.025,1.543,0.196,0.948,1.384,1.832,0.367,0.204,0.091,0.0,0.014,0.002,0.002,0.003,0.478,0.131,0.018,0.026,0.037,0.478,0.131,0.018,0.026,0.037
1.53,0.198,1.862,1.145,1.22,0.057,0.3,0.261,0.001,0.001,0.011,0.002,0.008,0.472,0.126,0.037,0.051,0.024,0.5,0.133,0.042,0.026,0.025,1.544,0.195,0.948,1.389,1.832,0.366,0.202,0.09,0.0,0.015,0.002,0.002,0.003,0.478,0.131,0.018,0.026,0.038,0.478,0.131,0.018,0.026,0.038
1.53,0.199,1.86,1.142,1.219,0.058,0.301,0.262,0.001,0.001,0.011,0.002,0.008,0.473,0.126,0.036,0.048,0.023,0.5,0.133,0.042,0.026,0.025,1.546,0.194,0.948,1.393,1.833,0.366,0.201,0.09,0.0,0.015,0.002,0.002,0.003,0.478,0.131,0.018,0.026,0.038,0.478,0.131,0.018,0.026,0.038
1.529,0.2,1.859,1.139,1.218,0.06,0.302,0.263,0.001,0.001,0.011,0.002,0.008,0.473,0.126,0.036,0.047,0.023,0.5,0.133,0.042,0.026,0.026,1.546,0.194,0.948,1.397,1.833,0.365,0.199,0.089,0.0,0.015,0.002,0.002,0.003,0.478,0.131,0.018,0.026,0.038,0.478,0.131,0.018,0.026,0.038
1.529,0.2,1.858,1.137,1.217,0.061,0.302,0.264,0.001,0.001,0.011,0.002,0.008,0.473,0.126,0.036,0.045,0.023,0.5,0.133,0.042,0.026,0.026,1.546,0.194,0.948,1.401,1.834,0.365,0.198,0.089,0.0,0.015,0.002,0.002,0.003,0.479,0.131,0.018,0.026,0.038,0.479,0.131,0.018,0.026,0.038
1.529,0.201,1.857,1.135,1.216,0.062,0.302,0.265,0.001,0.001,0.011,0.002,0.008,0.474,0.126,0.036,0.043,0.023,0.5,0.133,0.042,0.025,0.026,1.547,0.194,0.949,1.404,1.834,0.364,0.197,0.088,0.0,0.015,0.002,0.002,0.003,0.479,0.131,0.018,0.026,0.038,0.479,0.131,0.018,0.026,0.038
1.528,0.202,1.856,1.133,1.215,0.063,0.303,0.266,0.001,0.001,0.011,0.002,0.008,0.475,0.127,0.036,0.042,0.023,0.5,0.133,0.042,0.025,0.026,1.547,0.193,0.948,1.406,1.834,0.364,0.196,0.088,0.0,0.015,0.002,0.002,0.003,0.479,0.131,0.018,0.026,0.038,0.479,0.131,0.018,0.026,0.038
1.528,0.202,1.854,1.131,1.214,0.065,0.303,0.267,0.001,0.001,0.011,0.002,0.008,0.475,0.127,0.036,0.04,0.023,0.5,0.133,0.042,0.025,0.026,1.547,0.193,0.948,1.409,1.835,0.364,0.194,0.088,0.0,0.015,0.002,0.002,0.003,0.48,0.131,0.018,0.026,0.038,0.48,0.131,0.018,0.026,0.038
1.528,0.203,1.853,1.13,1.214,0.066,0.303,0.268,0.001,0.001,0.011,0.002,0.008,0.476,0.127,0.036,0.039,0.023,0.5,0.133,0.042,0.025,0.026,1.547,0.194,0.948,1.412,1.835,0.364,0.193,0.087,0.0,0.015,0.002,0.002,0.003,0.48,0.131,0.018,0.026,0.038,0.48,0.131,0.018,0.026,0.038
1.527,0.203,1.853,1.128,1.213,0.067,0.304,0.269,0.001,0.001,0.012,0.002,0.008,0.477,0.127,0.036,0.038,0.023,0.5,0.133,0.042,0.025,0.026,1.547,0.193,0.948,1.413,1.835,0.363,0.193,0.087,0.0,0.015,0.002,0.002,0.003,0.48,0.131,0.018,0.026,0.038,0.48,0.131,0.018,0.026,0.038
1.527,0.204,1.852,1.126,1.212,0.068,0.304,0.269,0.001,0.001,0.012,0.002,0.008,0.477,0.127,0.036,0.037,0.023,0.5,0.133,0.042,0.025,0.026,1.547,0.193,0.948,1.415,1.835,0.363,0.192,0.087,0.0,0.015,0.002,0.002,0.003,0.481,0.131,0.018,0.026,0.038,0.481,0.131,0.018,0.026,0.038
1.527,0.204,1.851,1.125,1.212,0.068,0.304,0.27,0.001,0.001,0.012,0.002,0.008,0.478,0.127,0.036,0.036,0.023,0.5,0.133,0.042,0.025,0.026,1.546,0.194,0.947,1.417,1.835,0.363,0.191,0.086,0.0,0.015,0.002,0.002,0.003,0.481,0.131,0.018,0.026,0.038,0.481,0.131,0.018,0.026,0.038
1.527,0.205,1.85,1.123,1.211,0.069,0.304,0.27,0.001,0.001,0.012,0.002,0.008,0.479,0.127,0.036,0.035,0.023,0.5,0.133,0.042,0.025,0.026,1.546,0.194,0.947,1.419,1.836,0.363,0.19,0.086,0.0,0.015,0.002,0.002,0.003,0.481,0.131,0.018,0.026,0.038,0.481,0.131,0.018,0.026,0.038
1.526,0.205,1.849,1.122,1.211,0.07,0.304,0.271,0.001,0.001,0.012,0.002,0.008,0.48,0.127,0.036,0.034,0.023,0.5,0.133,0.042,0.025,0.026,1.546,0.194,0.947,1.419,1.836,0.363,0.19,0.086,0.0,0.015,0.002,0.002,0.003,0.482,0.131,0.018,0.027,0.038,0.482,0.131,0.018,0.027,0.038
1.526,0.205,1.848,1.121,1.21,0.071,0.305,0.272,0.001,0.001,0.012,0.002,0.008,0.481,0.127,0.036,0.033,0.023,0.5,0.133,0.042,0.025,0.026,1.546,0.194,0.946,1.42,1.836,0.363,0.19,0.086,0.0,0.015,0.002,0.002,0.003,0.482,0.131,0.018,0.027,0.038,0.482,0.131,0.018,0.027,0.038
1.533,0.196,1.864,1.15,1.222,0.054,0.297,0.259,0.001,0.001,0.011,0.002,0.008,0.473,0.124,0.036,0.053,0.024,0.5,0.134,0.042,0.026,0.025,1.543,0.196,0.948,1.383,1.831,0.367,0.205,0.091,0.0,0.014,0.002,0.002,0.003,0.478,0.131,0.018,0.026,0.037,0.478,0.131,0.018,0.026,0.037
1.532,0.197,1.863,1.147,1.221,0.056,0.298,0.261,0.001,0.001,0.011,0.002,0.008,0.473,0.125,0.036,0.051,0.023,0.5,0.133,0.042,0.026,0.025,1.544,0.195,0.948,1.388,1.832,0.366,0.203,0.091,0.0,0.015,0.002,0.002,0.003,0.478,0.131,0.018,0.026,0.038,0.478,0.131,0.018,0.026,0.038
1.532,0.198,1.861,1.144,1.219,0.058,0.299,0.262,0.001,0.001,0.011,0.002,0.008,0.473,0.125,0.036,0.049,0.023,0.5,0.133,0.042,0.026,0.026,1.545,0.195,0.948,1.392,1.833,0.366,0.201,0.09,0.0,0.015,0.002,0.002,0.003,0.478,0.131,0.018,0.026,0.038,0.478,0.131,0.018,0.026,0.038
1.531,0.199,1.86,1.142,1.218,0.059,0.299,0.263,0.001,0.001,0.011,0.002,0.008,0.474,0.125,0.036,0.047,0.023,0.5,0.133,0.042,0.026,0.026,1.546,0.194,0.948,1.396,1.833,0.365,0.2,0.089,0.0,0.015,0.002,0.002,0.003,0.478,0.131,0.018,0.026,0.038,0.478,0.131,0.018,0.026,0.038
1.531,0.199,1.859,1.139,1.218,0.06,0.3,0.264,0.001,0.001,0.011,0.002,0.008,0.474,0.125,0.036,0.045,0.023,0.5,0.133,0.042,0.026,0.026,1.546,0.194,0.948,1.4,1.834,0.365,0.198,0.089,0.0,0.015,0.002,0.002,0.003,0.479,0.131,0.018,0.026,0.038,0.479,0.131,0.018,0.026,0.038
1.531,0.2,1.858,1.137,1.217,0.062,0.3,0.265,0.001,0.001,0.011,0.002,0.008,0.475,0.125,0.036,0.043,0.023,0.5,0.133,0.042,0.025,0.026,1.547,0.194,0.949,1.403,1.834,0.364,0.197,0.089,0.0,0.015,0.002,0.002,0.003,0.479,0.131,0.018,0.026,0.038,0.479,0.131,0.018,0.026,0.038
1.53,0.201,1.857,1.135,1.216,0.063,0.3,0.266,0.001,0.001,0.011,0.002,0.008,0.475,0.125,0.036,0.042,0.023,0.5,0.133,0.042,0.025,0.026,1.547,0.193,0.948,1.406,1.834,0.364,0.196,0.088,0.0,0.015,0.002,0.002,0.003,0.479,0.131,0.018,0.026,0.038,0.479,0.131,0.018,0.026,0.038
1.53,0.201,1.855,1.133,1.215,0.064,0.301,0.267,0.001,0.001,0.011,0.002,0.008,0.476,0.125,0.036,0.04,0.023,0.5,0.133,0.042,0.025,0.026,1.547,0.194,0.948,1.409,1.835,0.364,0.195,0.088,0.0,0.015,0.002,0.002,0.003,0.48,0.131,0.018,0.026,0.038,0.48,0.131,0.018,0.026,0.038
1.529,0.202,1.854,1.131,1.214,0.065,0.301,0.267,0.001,0.001,0.011,0.002,0.008,0.477,0.125,0.036,0.039,0.023,0.5,0.133,0.042,0.025,0.026,1.547,0.194,0.948,1.411,1.835,0.364,0.193,0.087,0.0,0.015,0.002,0.002,0.003,0.48,0.131,0.018,0.026,0.038,0.48,0.131,0.018,0.026,0.038
1.529,0.202,1.853,1.13,1.214,0.066,0.301,0.268,0.001,0.001,0.011,0.002,0.008,0.477,0.126,0.036,0.038,0.023,0.5,0.133,0.042,0.025,0.026,1.547,0.193,0.948,1.413,1.835,0.363,0.193,0.087,0.0,0.015,0.002,0.002,0.003,0.48,0.131,0.018,0.026,0.038,0.48,0.131,0.018,0.026,0.038
1.529,0.203,1.853,1.128,1.213,0.067,0.301,0.269,0.001,0.001,0.011,0.002,0.008,0.478,0.126,0.036,0.037,0.023,0.499,0.133,0.042,0.025,0.026,1.547,0.193,0.948,1.415,1.835,0.363,0.192,0.087,0.0,0.015,0.002,0.002,0.003,0.481,0.131,0.018,0.026,0.038,0.481,0.131,0.018,0.026,0.038
1.529,0.203,1.852,1.127,1.212,0.068,0.302,0.269,0.001,0.001,0.011,0.002,0.008,0.479,0.125,0.036,0.036,0.023,0.499,0.133,0.042,0.025,0.026,1.546,0.194,0.947,1.417,1.835,0.363,0.191,0.087,0.0,0.015,0.002,0.002,0.003,0.481,0.131,0.018,0.026,0.038,0.481,0.131,0.018,0.026,0.038
1.528,0.204,1.851,1.125,1.212,0.069,0.302,0.27,0.001,0.001,0.011,0.002,0.008,0.48,0.125,0.036,0.035,0.023,0.499,0.133,0.042,0.025,0.026,1.546,0.194,0.947,1.418,1.835,0.363,0.19,0.086,0.0,0.015,0.002,0.002,0.003,0.481,0.131,0.018,0.026,0.038,0.481,0.131,0.018,0.026,0.038
1.528,0.204,1.85,1.124,1.211,0.069,0.302,0.271,0.001,0.001,0.012,0.002,0.008,0.481,0.125,0.036,0.034,0.023,0.499,0.133,0.042,0.025,0.026,1.546,0.194,0.947,1.419,1.836,0.363,0.19,0.086,0.0,0.015,0.002,0.002,0.003,0.482,0.131,0.018,0.027,0.038,0.482,0.131,0.018,0.027,0.038
1.528,0.204,1.849,1.122,1.211,0.07,0.302,0.271,0.001,0.001,0.012,0.002,0.008,0.482,0.125,0.036,0.033,0.023,0.499,0.133,0.042,0.025,0.026,1.546,0.194,0.946,1.42,1.836,0.363,0.19,0.086,0.0,0.015,0.002,0.002,0.003,0.482,0.131,0.018,0.027,0.038,0.482,0.131,0.018,0.027,0.038
1.535,0.195,1.865,1.152,1.222,0.054,0.295,0.259,0.001,0.001,0.011,0.002,0.008,0.474,0.123,0.036,0.054,0.023,0.5,0.134,0.042,0.026,0.025,1.542,0.196,0.947,1.382,1.831,0.367,0.205,0.092,0.0,0.014,0.002,0.002,0.003,0.477,0.131,0.018,0.026,0.037,0.477,0.131,0.018,0.026,0.037
1.534,0.196,1.864,1.149,1.221,0.055,0.296,0.26,0.001,0.001,0.011,0.002,0.008,0.474,0.124,0.036,0.051,0.023,0.5,0.134,0.042,0.026,0.025,1.544,0.196,0.948,1.387,1.832,0.367,0.203,0.091,0.0,0.015,0.002,0.002,0.003,0.478,0.131,0.018,0.026,0.037,0.478,0.131,0.018,0.026,0.037
1.534,0.197,1.862,1.146,1.22,0.057,0.296,0.261,0.001,0.001,0.011,0.002,0.008,0.474,0.124,0.036,0.049,0.023,0.5,0.133,0.042,0.026,0.026,1.545,0.195,0.948,1.391,1.832,0.366,0.202,0.09,0.0,0.015,0.002,0.002,0.003,0.478,0.131,0.018,0.026,0.038,0.478,0.131,0.018,0.026,0.038
1.533,0.198,1.861,1.144,1.219,0.058,0.297,0.262,0.001,0.001,0.011,0.002,0.008,0.474,0.124,0.036,0.047,0.023,0.5,0.133,0.042,0.026,0.026,1.546,0.194,0.948,1.395,1.833,0.365,0.2,0.09,0.0,0.015,0.002,0.002,0.003,0.478,0.131,0.018,0.026,0.038,0.478,0.131,0.018,0.026,0.038
1.533,0.199,1.86,1.141,1.218,0.06,0.297,0.263,0.001,0.001,0.011,0.002,0.008,0.475,0.124,0.036,0.046,0.023,0.5,0.133,0.042,0.026,0.026,1.546,0.194,0.948,1.399,1.833,0.365,0.198,0.089,0.0,0.015,0.002,0.002,0.003,0.479,0.131,0.018,0.026,0.038,0.479,0.131,0.018,0.026,0.038
1.533,0.199,1.859,1.139,1.217,0.061,0.298,0.264,0.001,0.001,0.011,0.002,0.008,0.475,0.124,0.036,0.044,0.023,0.499,0.133,0.042,0.026,0.026,1.547,0.194,0.948,1.403,1.834,0.365,0.197,0.089,0.0,0.015,0.002,0.002,0.003,0.479,0.131,0.018,0.026,0.038,0.479,0.131,0.018,0.026,0.038
1.532,0.2,1.857,1.137,1.217,0.062,0.298,0.265,0.001,0.001,0.011,0.002,0.008,0.476,0.124,0.036,0.042,0.023,0.499,0.133,0.042,0.025,0.026,1.547,0.193,0.948,1.405,1.834,0.364,0.196,0.088,0.0,0.015,0.002,0.002,0.003,0.479,0.131,0.018,0.026,0.038,0.479,0.131,0.018,0.026,0.038
1.532,0.201,1.856,1.135,1.216,0.063,0.298,0.266,0.001,0.001,0.011,0.002,0.008,0.477,0.124,0.036,0.041,0.023,0.499,0.133,0.042,0.025,0.026,1.547,0.194,0.948,1.408,1.834,0.364,0.195,0.088,0.0,0.015,0.002,0.002,0.003,0.48,0.131,0.018,0.026,0.038,0.48,0.131,0.018,0.026,0.038
1.531,0.201,1.855,1.133,1.215,0.064,0.298,0.267,0.001,0.001,0.011,0.002,0.008,0.478,0.124,0.036,0.039,0.023,0.499,0.133,0.042,0.025,0.026,1.547,0.194,0.948,1.411,1.835,0.364,0.194,0.088,0.0,0.015,0.002,0.002,0.003,0.48,0.131,0.018,0.026,0.038,0.48,0.131,0.018,0.026,0.038
1.531,0.202,1.854,1.131,1.214,0.065,0.299,0.268,0.001,0.001,0.011,0.002,0.008,0.478,0.124,0.036,0.038,0.023,0.499,0.133,0.042,0.025,0.026,1.547,0.193,0.948,1.413,1.835,0.363,0.193,0.087,0.0,0.015,0.002,0.002,0.003,0.48,0.131,0.018,0.026,0.038,0.48,0.131,0.018,0.026,0.038
1.531,0.202,1.853,1.13,1.214,0.066,0.299,0.268,0.001,0.001,0.011,0.002,0.008,0.479,0.124,0.036,0.037,0.023,0.499,0.133,0.042,0.025,0.026,1.547,0.193,0.948,1.415,1.835,0.363,0.192,0.087,0.0,0.015,0.002,0.002,0.003,0.481,0.131,0.018,0.026,0.038,0.481,0.131,0.018,0.026,0.038
1.531,0.203,1.853,1.128,1.213,0.067,0.299,0.269,0.001,0.001,0.011,0.002,0.008,0.48,0.124,0.036,0.036,0.023,0.499,0.133,0.042,0.025,0.026,1.546,0.194,0.947,1.417,1.835,0.363,0.191,0.087,0.0,0.015,0.002,0.002,0.003,0.481,0.131,0.018,0.026,0.038,0.481,0.131,0.018,0.026,0.038
1.53,0.203,1.852,1.127,1.212,0.068,0.299,0.27,0.001,0.001,0.011,0.002,0.008,0.481,0.124,0.036,0.035,0.023,0.499,0.133,0.042,0.025,0.026,1.546,0.194,0.947,1.418,1.835,0.363,0.191,0.086,0.0,0.015,0.002,0.002,0.003,0.481,0.131,0.018,0.026,0.038,0.481,0.131,0.018,0.026,0.038
1.53,0.203,1.851,1.125,1.212,0.069,0.3,0.27,0.001,0.001,0.011,0.002,0.008,0.482,0.124,0.036,0.034,0.023,0.499,0.133,0.042,0.025,0.026,1.546,0.194,0.947,1.419,1.835,0.363,0.19,0.086,0.0,0.015,0.002,0.002,0.003,0.482,0.131,0.018,0.026,0.038,0.482,0.131,0.018,0.026,0.038
1.53,0.204,1.85,1.124,1.211,0.07,0.3,0.271,0.001,0.001,0.011,0.002,0.008,0.482,0.124,0.036,0.033,0.023,0.499,0.133,0.042,0.025,0.026,1.546,0.194,0.946,1.42,1.836,0.363,0.19,0.086,0.0,0.015,0.002,0.002,0.003,0.482,0.131,0.018,0.027,0.038,0.482,0.131,0.018,0.027,0.038
1.537,0.194,1.866,1.154,1.223,0.053,0.292,0.258,0.001,0.001,0.011,0.002,0.008,0.474,0.122,0.036,0.054,0.023,0.5,0.134,0.042,0.026,0.025,1.542,0.197,0.947,1.381,1.831,0.367,0.206,0.092,0.0,0.014,0.002,0.002,0.003,0.477,0.131,0.018,0.026,0.037,0.477,0.131,0.018,0.026,0.037
1.536,0.195,1.865,1.151,1.222,0.055,0.293,0.259,0.001,0.001,0.011,0.002,0.008,0.475,0.122,0.036,0.052,0.023,0.5,0.134,0.042,0.026,0.026,1.543,0.196,0.948,1.386,1.832,0.367,0.204,0.091,0.0,0.015,0.002,0.002,0.003,0.478,0.131,0.018,0.026,0.037,0.478,0.131,0.018,0.026,0.037
1.536,0.196,1.863,1.148,1.221,0.056,0.294,0.261,0.001,0.001,0.011,0.002,0.008,0.475,0.123,0.036,0.05,0.023,0.499,0.133,0.042,0.026,0.026,1.545,0.195,0.948,1.391,1.832,0.366,0.202,0.09,0.0,0.015,0.002,0.002,0.003,0.478,0.131,0.018,0.026,0.038,0.478,0.131,0.018,0.026,0.038
1.535,0.197,1.862,1.146,1.22,0.058,0.294,0.262,0.001,0.001,0.011,0.002,0.008,0.475,0.123,0.036,0.048,0.023,0.499,0.133,0.042,0.026,0.026,1.545,0.195,0.948,1.395,1.833,0.366,0.2,0.09,0.0,0.015,0.002,0.002,0.003,0.478,0.131,0.018,0.026,0.038,0.478,0.131,0.018,0.026,0.038
1.535,0.198,1.861,1.143,1.219,0.059,0.295,0.263,0.001,0.001,0.011,0.002,0.008,0.476,0.123,0.035,0.046,0.023,0.499,0.133,0.042,0.026,0.026,1.546,0.194,0.948,1.399,1.833,0.365,0.199,0.089,0.0,0.015,0.002,0.002,0.003,0.479,0.131,0.018,0.026,0.038,0.479,0.131,0.018,0.026,0.038
1.534,0.198,1.86,1.141,1.218,0.06,0.295,0.264,0.001,0.001,0.011,0.002,0.008,0.476,0.123,0.035,0.044,0.023,0.499,0.133,0.042,0.026,0.026,1.546,0.194,0.948,1.402,1.834,0.365,0.197,0.089,0.0,0.015,0.002,0.002,0.003,0.479,0.131,0.018,0.026,0.038,0.479,0.131,0.018,0.026,0.038
1.534,0.199,1.858,1.139,1.217,0.061,0.296,0.265,0.001,0.001,0.011,0.002,0.008,0.477,0.123,0.035,0.043,0.023,0.499,0.133,0.042,0.025,0.026,1.547,0.194,0.948,1.405,1.834,0.364,0.196,0.088,0.0,0.015,0.002,0.002,0.003,0.479,0.131,0.018,0.026,0.038,0.479,0.131,0.018,0.026,0.038
1.534,0.2,1.857,1.137,1.216,0.063,0.296,0.266,0.001,0.001,0.011,0.002,0.008,0.478,0.123,0.035,0.041,0.023,0.499,0.133,0.042,0.025,0.026,1.547,0.194,0.948,1.408,1.834,0.364,0.195,0.088,0.0,0.015,0.002,0.002,0.003,0.48,0.131,0.018,0.026,0.038,0.48,0.131,0.018,0.026,0.038
1.533,0.2,1.856,1.135,1.216,0.064,0.296,0.266,0.001,0.001,0.011,0.002,0.008,0.478,0.123,0.035,0.04,0.022,0.499,0.133,0.042,0.025,0.026,1.547,0.194,0.948,1.411,1.835,0.364,0.194,0.088,0.0,0.015,0.002,0.002,0.003,0.48,0.131,0.018,0.026,0.038,0.48,0.131,0.018,0.026,0.038
1.533,0.201,1.855,1.133,1.215,0.065,0.296,0.267,0.001,0.001,0.011,0.002,0.008,0.479,0.123,0.035,0.038,0.022,0.499,0.133,0.042,0.025,0.026,1.547,0.193,0.948,1.413,1.835,0.364,0.193,0.087,0.0,0.015,0.002,0.002,0.003,0.48,0.131,0.018,0.026,0.038,0.48,0.131,0.018,0.026,0.038
1.533,0.201,1.854,1.131,1.214,0.066,0.297,0.268,0.001,0.001,0.011,0.002,0.008,0.48,0.123,0.035,0.037,0.022,0.499,0.133,0.042,0.025,0.026,1.547,0.194,0.948,1.414,1.835,0.363,0.192,0.087,0.0,0.015,0.002,0.002,0.003,0.481,0.131,0.018,0.026,0.038,0.481,0.131,0.018,0.026,0.038
1.532,0.202,1.853,1.13,1.214,0.067,0.297,0.268,0.001,0.001,0.011,0.002,0.008,0.481,0.123,0.035,0.036,0.022,0.499,0.133,0.042,0.025,0.026,1.546,0.194,0.947,1.417,1.835,0.363,0.191,0.087,0.0,0.015,0.002,0.002,0.003,0.481,0.131,0.018,0.026,0.038,0.481,0.131,0.018,0.026,0.038
1.532,0.202,1.853,1.129,1.213,0.067,0.297,0.269,0.001,0.001,0.011,0.002,0.008,0.482,0.123,0.035,0.035,0.022,0.499,0.133,0.042,0.025,0.026,1.546,0.194,0.947,1.418,1.835,0.363,0.191,0.086,0.0,0.015,0.002,0.002,0.003,0.481,0.131,0.018,0.026,0.038,0.481,0.131,0.018,0.026,0.038
1.532,0.202,1.852,1.127,1.212,0.068,0.297,0.27,0.001,0.001,0.011,0.002,0.008,0.482,0.123,0.035,0.034,0.022,0.499,0.133,0.042,0.025,0.026,1.546,0.194,0.947,1.419,1.835,0.363,0.19,0.086,0.0,0.015,0.002,0.002,0.003,0.482,0.131,0.018,0.026,0.038,0.482,0.131,0.018,0.026,0.038
1.532,0.203,1.851,1.126,1.212,0.069,0.298,0.27,0.001,0.001,0.011,0.002,0.008,0.483,0.123,0.036,0.033,0.022,0.499,0.133,0.042,0.025,0.026,1.546,0.194,0.946,1.42,1.836,0.363,0.19,0.086,0.0,0.015,0.002,0.002,0.003,0.482,0.131,0.018,0.027,0.038,0.482,0.131,0.018,0.027,0.038
